-2147483648	1	2	3	4	5	6	7	8	9	10	11	12	13	14	15	16	17	18	19	20	21	22	23	24	25	26	27	28	29	30	31	32	33	34	35	36	37	38	39	40	41	42	43	44	0	0	-1	48	49	50	51	52	53	54	55	56	57	58	59	60	61	62	63	64	65	66	67	68	69	70	71	72	73	74	75	76	77	78	79	80	81	82	83	84	85	86	87	88	89	90	91	92	93	94	95	96	97	98	99	100	101	102	103	104	105	106	107	108	109	110	111	112	113	114	115	116	117	118	119	120	121	122	123	124	125	126	127	128	129	130	131	132	133	134	135	136	137	138	139	140	141	142	143	144	145	146	147	148	149	
1	2	3	4	5	6	7	8	9	10	11	12	13	14	15	16	17	18	19	20	21	22	23	24	25	26	27	28	29	30	31	32	33	34	35	36	37	38	39	40	41	42	43	44	45	0	0	-1	49	50	51	52	53	54	55	56	57	58	59	60	61	62	63	64	65	66	67	68	69	70	71	72	73	74	75	76	77	78	79	80	81	82	83	84	85	86	87	88	89	90	91	92	93	94	95	96	97	98	99	100	101	102	103	104	105	106	107	108	109	110	111	112	113	114	115	116	117	118	119	120	121	122	123	124	125	126	127	128	129	130	131	132	133	134	135	136	137	138	139	140	141	142	143	144	145	146	147	148	149	-1	
2	3	4	5	6	7	8	9	10	11	12	13	14	15	16	17	18	19	20	21	22	23	24	25	26	27	28	29	30	31	32	33	34	35	36	37	38	39	40	41	42	43	44	45	46	0	0	-1	50	51	52	53	54	55	56	57	58	59	60	61	62	63	64	65	66	67	68	69	70	71	72	73	74	75	76	77	78	79	80	81	82	83	84	85	86	87	88	89	90	91	92	93	94	95	96	97	98	99	100	101	102	103	104	105	106	107	108	109	110	111	112	113	114	115	116	117	118	119	120	121	122	123	124	125	126	127	128	129	130	131	132	133	134	135	136	137	138	139	140	141	142	143	144	145	146	147	148	149	150	-1	
3	4	5	6	7	8	9	10	11	12	13	14	15	16	17	18	19	20	21	22	23	24	25	26	27	28	29	30	31	32	33	34	35	36	37	38	39	40	41	42	43	44	45	46	47	0	0	-1	51	52	53	54	55	56	57	58	59	60	61	62	63	64	65	66	67	68	69	70	71	72	73	74	75	76	77	78	79	80	81	82	83	84	85	86	87	88	89	90	91	92	93	94	95	96	97	98	99	100	101	102	103	104	105	106	107	108	109	110	111	112	113	114	115	116	117	118	119	120	121	122	123	124	125	126	127	128	129	130	131	132	133	134	135	136	137	138	139	140	141	142	143	144	145	146	147	148	149	150	151	-1	
4	5	6	7	8	9	10	11	12	13	14	15	16	17	18	19	20	21	22	23	24	25	26	27	28	29	30	31	32	33	34	35	36	37	38	39	40	41	42	43	44	45	46	47	48	0	0	-1	52	53	54	55	56	57	58	59	60	61	62	63	64	65	66	67	68	69	70	71	72	73	74	75	76	77	78	79	80	81	82	83	84	85	86	87	88	89	90	91	92	93	94	95	96	97	98	99	100	101	102	103	104	105	106	107	108	109	110	111	112	113	114	115	116	117	118	119	120	121	122	123	124	125	126	127	128	129	130	131	132	133	134	135	136	137	138	139	140	141	142	143	144	145	146	147	148	149	150	151	152	-1	
5	6	7	8	9	10	11	12	13	14	15	16	17	18	19	20	21	22	23	24	25	26	27	28	29	30	31	32	33	34	35	36	37	38	39	40	41	42	43	44	45	46	47	48	49	0	0	-1	53	54	55	56	57	58	59	60	61	62	63	64	65	66	67	68	69	70	71	72	73	74	75	76	77	78	79	80	81	82	83	84	85	86	87	88	89	90	91	92	93	94	95	96	97	98	99	100	101	102	103	104	105	106	107	108	109	110	111	112	113	114	115	116	117	118	119	120	121	122	123	124	125	126	127	128	129	130	131	132	133	134	135	136	137	138	139	140	141	142	143	144	145	146	147	148	149	150	151	152	153	-1	
6	7	8	9	10	11	12	13	-1	-1	-1	-1	-1	-1	-1	-1	-1	-1	-1	-1	-1	-1	-1	-1	-1	-1	-1	-1	-1	-1	-1	-1	-1	-1	-1	-1	-1	-1	-1	-1	-1	-1	-1	-1	50	0	0	-1	54	55	56	57	58	59	60	61	62	63	64	65	66	67	68	69	70	71	72	73	74	75	76	77	78	79	80	81	82	83	84	85	86	87	88	89	90	91	92	93	94	95	96	97	98	99	100	101	102	103	104	105	106	107	108	-1	110	111	112	113	114	115	116	117	118	119	120	121	122	123	124	125	126	127	128	129	130	131	132	133	134	135	136	137	138	139	140	141	142	143	144	145	146	147	148	149	150	151	152	153	154	-1	
7	8	9	10	11	12	13	14	15	16	17	18	19	20	21	22	23	24	25	26	27	28	29	30	31	32	33	34	35	36	37	38	39	40	41	42	43	44	45	46	47	48	49	50	51	0	0	-1	55	56	57	58	59	60	61	62	63	64	65	66	67	68	69	70	71	72	73	74	75	76	77	78	79	80	81	82	83	84	85	86	87	88	89	90	91	92	93	94	95	96	97	98	99	100	101	102	103	104	105	106	107	108	109	-1	111	112	113	114	115	116	117	118	119	120	121	122	123	124	125	126	127	128	129	130	131	132	133	134	135	136	137	138	139	140	141	142	143	144	145	146	147	148	149	150	151	152	153	154	155	-1	
8	9	10	11	12	13	14	15	16	17	18	19	20	21	22	23	24	25	26	27	28	29	30	31	32	-1	-1	-1	-1	-1	-1	-1	-1	-1	-1	-1	-1	-1	-1	-1	-1	-1	-1	-1	-1	-1	-1	-1	-1	-1	-1	-1	-1	-1	-1	-1	64	65	66	67	68	69	70	71	72	73	74	75	76	77	78	79	80	81	82	83	84	85	86	87	88	89	90	91	92	93	94	95	96	97	98	99	100	101	102	103	104	105	106	107	108	109	110	-1	112	113	114	115	116	117	118	119	120	121	122	123	124	125	126	127	128	129	130	131	132	133	134	135	136	137	138	139	140	141	142	143	144	145	146	147	148	149	150	151	152	153	154	155	156	-1	
9	10	11	12	13	14	15	16	17	18	19	20	21	22	23	24	25	26	27	28	29	30	31	32	33	34	35	36	37	38	39	40	41	42	43	44	45	46	47	48	49	50	51	52	53	54	55	-1	57	58	59	60	61	62	63	64	65	66	67	68	69	70	71	72	73	74	75	76	77	78	79	80	81	82	83	84	85	86	87	88	89	90	91	92	93	94	95	96	97	98	99	100	101	102	103	104	105	106	107	108	109	110	111	-1	113	114	115	116	117	118	119	120	121	122	123	124	125	126	127	128	129	130	131	132	133	134	135	136	137	138	139	140	141	142	143	144	145	146	147	148	149	150	151	-1	-1	-1	-1	-1	-1	-1	
10	11	12	13	14	15	16	17	18	19	20	21	22	23	24	25	26	27	28	29	30	31	32	33	34	35	36	37	38	39	40	41	42	43	44	45	46	47	48	49	50	51	52	53	54	55	56	-1	58	59	60	61	62	63	64	65	66	67	68	69	70	71	72	73	74	75	76	77	78	79	80	81	82	83	84	85	86	87	88	89	90	91	92	93	94	95	96	97	98	99	100	101	102	103	104	105	106	107	108	109	110	111	112	-1	114	115	116	117	118	119	120	121	122	123	124	125	126	127	128	129	130	131	132	133	134	135	136	137	138	139	140	141	142	143	144	145	146	147	148	149	150	151	152	153	154	155	156	157	158	-1	
11	12	13	14	15	16	17	18	19	20	21	22	23	24	25	26	27	-1	-1	-1	-1	-1	-1	-1	-1	-1	-1	-1	-1	-1	-1	-1	-1	-1	-1	46	47	48	49	50	51	52	53	54	55	56	57	-1	59	60	61	62	63	64	65	66	67	68	69	70	71	72	73	74	75	76	77	78	79	80	81	82	83	84	85	86	87	88	89	90	91	92	93	94	95	96	97	98	99	100	101	102	103	104	105	106	107	108	109	110	111	112	113	-1	115	116	117	118	119	120	121	122	123	124	125	126	127	128	-1	130	131	132	133	134	135	136	137	138	139	140	141	142	143	144	145	146	147	148	149	150	151	152	153	154	155	156	157	158	159	-1	
12	13	14	15	16	17	18	19	20	21	22	23	24	25	26	27	28	29	30	31	32	33	34	35	36	37	38	39	40	41	42	43	44	45	46	47	48	49	50	51	52	53	54	55	56	57	58	-1	60	61	62	63	64	65	66	67	68	69	70	71	72	73	74	75	76	77	78	79	80	81	82	83	84	85	86	87	88	89	90	91	92	93	94	95	96	97	98	99	100	101	102	103	104	105	106	107	108	109	110	111	112	113	114	-1	116	117	118	119	120	121	122	123	124	125	126	127	128	129	-1	131	132	133	134	-1	-1	-1	-1	-1	-1	-1	-1	-1	-1	-1	-1	-1	-1	-1	-1	-1	-1	-1	-1	-1	-1	-1	-1	-1	-1	-1	
13	14	15	16	17	18	19	20	21	22	23	24	25	26	27	28	29	30	31	32	33	34	35	36	37	38	39	40	41	42	43	44	45	46	47	48	49	50	51	52	53	54	55	56	57	58	59	-1	61	62	63	64	65	66	67	68	69	70	71	72	73	74	75	76	77	78	79	80	81	82	83	84	85	86	87	88	89	90	91	92	93	94	95	96	97	98	99	100	101	102	103	104	105	106	107	108	109	110	111	112	113	114	115	-1	117	118	119	120	121	122	123	124	125	126	127	128	129	130	-1	132	133	134	135	136	137	138	139	140	141	142	143	144	145	146	147	148	149	150	151	152	153	154	155	156	157	158	159	160	161	-1	
14	15	16	17	18	19	20	21	22	23	24	25	26	27	28	29	30	31	32	33	34	35	36	37	38	39	40	41	42	43	44	45	46	47	48	49	50	51	52	53	54	55	56	57	58	59	60	-1	62	63	64	65	66	67	68	69	70	71	72	73	74	75	76	77	78	79	80	81	82	83	84	85	86	87	88	89	90	91	92	93	94	95	96	97	98	99	100	101	102	103	104	105	106	107	108	109	110	111	112	113	114	115	116	-1	118	119	120	121	122	123	124	125	126	127	128	129	130	131	-1	133	134	135	136	137	138	139	140	141	142	143	144	145	146	147	148	149	150	151	152	153	154	155	156	157	158	159	160	161	162	-1	
15	16	17	18	19	20	21	22	23	24	25	26	27	28	29	30	31	32	33	34	35	36	37	38	39	40	41	42	43	44	45	46	47	48	49	50	51	52	53	54	55	56	57	58	59	60	61	-1	63	64	65	66	67	68	69	70	71	72	73	74	75	76	77	78	79	80	81	82	83	84	85	86	87	88	89	90	91	92	93	94	95	96	97	98	99	100	101	102	103	104	105	106	107	108	109	110	111	112	113	114	115	116	117	-1	119	120	121	122	123	124	125	126	127	128	129	130	131	132	-1	134	135	136	137	138	139	140	141	142	143	144	145	146	147	148	149	150	151	152	153	154	155	156	157	158	159	160	161	162	163	-1	
16	17	18	19	20	21	22	23	24	25	26	27	28	29	30	31	32	33	34	35	36	37	38	39	40	41	42	43	44	45	46	47	48	49	50	51	52	53	54	55	56	57	58	59	60	61	62	-1	64	65	66	67	68	69	70	71	72	73	74	75	76	77	78	79	80	81	82	83	84	85	86	87	88	89	90	91	92	93	94	95	96	97	98	99	100	101	102	103	104	105	106	107	108	109	110	111	112	113	114	115	116	117	118	-1	120	121	122	123	124	125	126	127	128	129	130	131	132	133	-1	135	136	137	138	139	140	141	142	143	144	145	146	147	148	149	150	151	152	153	154	155	156	157	158	159	160	161	162	163	164	-1	
17	18	19	20	21	22	23	24	25	26	27	28	29	30	31	32	33	34	35	36	37	38	39	40	41	42	43	44	45	46	47	48	49	50	51	52	53	54	55	56	57	58	59	60	61	62	63	64	65	66	67	68	69	70	71	72	73	74	75	76	77	78	79	80	81	82	83	84	85	86	87	88	89	90	91	92	93	94	95	96	97	98	99	100	101	102	103	104	105	106	107	108	109	110	111	112	113	114	115	116	117	118	119	-1	121	122	123	124	125	126	127	128	129	130	131	132	133	134	-1	136	137	138	139	140	141	142	143	144	145	146	147	148	149	150	151	152	153	154	155	156	157	158	159	160	161	162	163	164	165	-1	
18	19	20	21	22	23	24	25	26	27	28	29	30	31	32	33	34	35	36	37	38	39	40	41	42	43	44	45	46	47	48	49	50	51	52	53	54	55	56	57	58	59	60	61	62	63	64	65	66	67	68	69	70	71	72	73	74	75	76	77	78	79	80	81	82	83	84	85	86	87	88	89	90	91	92	93	94	95	96	97	98	99	100	101	102	103	104	105	106	107	108	109	110	111	112	113	114	115	116	117	118	119	120	-1	122	123	124	125	126	127	128	129	130	131	132	133	134	135	-1	137	138	139	140	141	142	143	144	145	146	147	148	149	150	151	152	153	154	155	156	157	158	159	160	161	162	163	164	165	166	-1	
19	20	21	22	23	24	25	26	27	28	29	30	31	32	33	34	35	36	37	38	39	40	41	42	43	44	45	46	47	48	49	50	51	52	53	54	55	56	57	58	59	60	61	62	63	64	65	66	67	68	69	70	71	72	73	74	75	76	77	78	79	80	81	82	83	84	85	86	87	88	89	90	91	92	93	94	95	96	97	98	99	100	101	102	103	104	105	106	107	108	109	110	111	112	113	114	115	116	117	118	119	120	121	-1	123	124	125	126	127	128	129	130	131	132	133	134	135	136	-1	138	139	140	141	142	143	144	145	146	147	148	149	150	151	152	153	154	155	156	157	158	159	160	161	162	163	164	165	166	167	-1	
20	21	22	23	24	25	26	27	28	29	30	31	32	33	34	35	36	37	38	39	40	41	42	43	44	45	46	47	48	49	50	51	52	53	54	55	56	57	58	59	60	61	62	63	64	65	66	67	68	69	70	71	72	73	74	75	76	77	78	79	80	81	82	83	84	85	86	87	88	89	90	91	92	93	94	95	96	97	98	99	100	101	102	103	104	105	106	107	108	109	110	111	112	113	114	115	116	117	118	119	120	121	122	-1	124	125	126	127	128	129	130	131	132	133	134	135	136	137	-1	139	140	141	142	143	144	145	146	147	148	149	150	151	152	153	154	155	156	157	158	159	160	161	162	163	164	165	166	167	168	169	
21	22	23	24	25	26	27	28	29	30	31	32	33	34	35	36	37	38	39	40	41	42	43	44	45	46	47	48	49	50	51	52	53	54	55	56	57	58	59	60	61	62	63	64	65	66	67	68	69	70	71	72	73	74	75	76	77	78	79	80	81	82	83	84	85	86	87	88	89	90	91	92	93	94	95	96	97	98	99	100	101	102	103	104	105	106	107	108	109	110	111	112	113	114	115	116	117	118	119	120	121	122	123	-1	125	126	127	128	129	130	131	132	133	134	135	136	137	138	-1	140	141	142	143	144	145	146	147	148	149	150	151	152	153	154	155	156	157	158	159	160	161	162	163	164	165	166	167	168	169	170	
22	23	24	25	26	27	28	29	30	31	32	33	34	35	36	37	38	39	40	41	42	43	44	45	46	47	48	49	50	51	52	53	54	55	56	57	58	59	60	61	62	63	64	65	66	67	68	69	70	71	72	73	74	75	76	77	78	79	80	81	82	83	84	85	86	87	88	89	90	91	92	93	94	95	96	97	98	99	100	101	102	103	104	105	106	107	-1	109	110	111	112	113	114	115	116	117	118	119	120	121	122	123	124	-1	126	127	128	129	130	131	132	133	134	135	136	137	138	139	-1	141	142	143	144	145	146	147	148	149	150	151	152	153	154	155	156	157	158	159	160	161	162	163	164	165	166	167	168	169	170	171	
23	24	25	26	27	28	29	30	31	32	33	34	35	36	37	38	39	40	41	42	43	44	45	46	47	48	49	50	51	52	53	54	55	56	57	58	59	60	61	62	63	64	65	66	67	68	69	70	71	72	73	74	75	76	77	78	79	80	81	82	83	84	85	86	87	88	89	90	91	92	93	94	95	96	97	98	99	100	101	102	103	104	105	106	107	108	-1	110	111	112	113	114	115	116	117	118	119	120	121	122	123	124	125	-1	127	128	129	130	131	132	133	134	135	136	137	138	139	140	-1	142	143	144	145	146	147	148	149	150	151	152	153	154	155	156	157	158	159	160	161	162	163	164	165	166	167	168	169	170	171	172	
24	25	26	27	28	29	30	31	32	33	34	35	36	37	38	39	40	41	42	43	44	45	46	47	48	49	50	51	52	53	54	55	56	57	58	59	60	61	62	63	64	65	66	67	68	69	70	71	72	73	74	75	76	77	78	79	80	81	82	83	84	85	86	87	88	89	90	91	92	93	-1	-1	-1	-1	-1	-1	-1	-1	-1	-1	-1	-1	106	107	108	109	-1	111	112	113	114	115	116	117	118	119	120	121	122	123	124	125	126	-1	128	129	130	131	132	133	134	135	136	137	138	139	140	141	-1	143	144	145	146	147	148	149	150	151	152	153	154	155	156	157	158	159	160	161	162	163	164	165	166	167	168	169	170	171	172	173	
25	26	27	28	29	30	31	32	33	-1	-1	-1	-1	-1	-1	-1	-1	-1	-1	-1	-1	-1	-1	-1	-1	-1	-1	-1	-1	-1	-1	-1	-1	-1	-1	-1	-1	-1	-1	-1	-1	66	67	68	69	70	71	72	73	74	75	76	77	78	79	80	81	82	83	84	85	86	87	88	89	90	91	92	93	94	95	96	97	98	99	100	101	102	103	104	105	106	107	108	109	110	-1	112	113	114	115	116	117	118	119	120	121	122	123	124	125	126	127	-1	129	130	131	132	133	134	135	136	137	138	139	140	141	142	-1	144	145	146	147	148	149	150	151	152	153	154	155	156	157	158	159	160	161	162	163	164	165	166	167	168	169	170	171	172	173	174	
26	27	28	29	30	31	32	33	34	35	36	37	38	39	40	41	42	43	44	45	46	47	48	49	50	51	52	53	54	55	56	57	58	59	60	61	62	63	64	65	66	67	68	69	70	71	72	73	74	75	76	77	78	79	80	81	82	83	84	85	86	87	88	89	90	91	92	93	94	95	96	97	98	99	100	101	102	103	104	105	106	107	108	109	110	111	-1	113	114	115	116	117	118	119	120	121	122	123	124	125	126	127	128	-1	130	131	132	133	134	135	136	137	138	139	140	141	142	143	-1	145	146	147	148	149	150	151	152	153	154	155	156	157	158	159	160	161	162	163	164	165	166	167	168	169	170	171	172	173	174	175	
27	28	29	30	31	32	33	34	35	36	37	38	39	40	41	42	43	44	45	46	47	48	49	50	51	52	53	54	55	56	57	58	59	60	61	62	63	64	65	66	67	68	69	70	71	72	73	74	75	76	77	78	79	80	81	82	83	84	85	86	87	88	89	90	91	92	93	94	95	96	97	98	99	100	101	102	103	104	105	106	107	108	109	110	111	112	-1	114	115	116	117	118	119	120	121	122	123	124	125	126	127	128	129	-1	131	132	133	134	135	136	137	138	139	140	141	142	143	144	-1	146	147	148	149	150	151	152	153	154	155	156	157	158	159	160	161	162	163	164	165	166	167	168	169	170	171	172	173	174	175	176	
28	29	30	31	32	33	34	35	36	37	38	39	40	41	42	43	44	45	46	47	48	49	50	51	52	53	54	55	56	57	58	59	60	61	62	63	64	65	66	67	68	69	-1	-1	72	73	74	75	76	77	78	79	80	81	82	83	84	85	86	87	88	89	90	91	92	93	94	95	96	97	98	99	100	101	102	103	104	105	106	107	108	109	110	111	112	113	-1	115	116	117	118	119	120	121	122	123	124	125	126	127	128	129	130	-1	132	133	134	135	136	137	138	139	140	141	142	143	144	145	-1	147	148	149	150	151	152	153	154	155	156	157	158	159	160	161	162	163	164	165	166	167	168	169	170	171	172	173	174	175	176	177	
29	30	31	32	33	34	35	36	-1	-1	-1	-1	-1	-1	-1	-1	-1	-1	-1	-1	-1	-1	-1	-1	-1	-1	-1	-1	-1	-1	-1	-1	-1	-1	-1	-1	-1	-1	-1	-1	-1	-1	-1	72	73	74	75	76	77	78	79	80	81	82	83	84	85	86	87	88	89	90	91	92	93	94	95	96	97	98	99	100	101	102	103	104	105	106	107	108	109	110	111	112	113	114	-1	116	117	118	119	120	121	122	123	124	125	126	127	128	129	130	131	-1	133	134	135	136	137	138	139	140	141	142	143	144	145	146	-1	148	149	150	151	152	153	154	155	156	157	158	159	160	161	162	163	164	165	166	167	168	169	170	171	172	173	174	175	176	177	178	
30	31	32	33	34	35	36	37	38	39	40	41	42	43	44	45	46	47	48	0	50	51	52	53	54	55	56	57	58	59	60	61	62	63	64	65	66	67	68	69	70	71	72	73	74	75	76	77	78	79	80	81	82	83	-1	-1	-1	-1	-1	-1	-1	-1	-1	-1	-1	-1	-1	-1	-1	-1	-1	-1	-1	-1	-1	-1	106	107	108	109	110	111	112	113	114	115	-1	117	118	119	120	121	122	123	124	125	126	127	128	129	130	131	132	-1	134	135	136	137	138	139	140	141	142	143	144	145	146	147	-1	149	150	151	152	153	154	155	156	157	158	159	160	161	162	163	164	165	166	167	168	169	170	171	172	173	174	175	176	177	178	179	
31	32	33	34	35	36	37	38	39	40	41	42	43	44	45	46	47	48	49	0	51	52	53	54	55	56	57	58	59	60	61	62	63	64	65	66	67	68	69	70	71	72	73	74	75	76	77	78	79	80	81	82	83	84	85	86	87	88	89	90	91	92	93	94	95	96	97	98	99	100	101	102	103	104	105	106	107	108	109	110	111	112	113	114	115	116	-1	118	119	120	121	122	123	124	125	126	127	128	129	130	131	132	133	-1	135	136	137	138	139	140	141	142	143	144	145	146	147	148	-1	150	151	152	153	154	155	156	157	158	159	160	161	162	163	164	165	166	167	168	169	170	171	172	173	174	175	176	177	178	179	180	
32	33	34	35	36	37	38	39	40	41	42	43	44	45	46	47	48	49	50	0	52	53	54	55	56	57	58	59	60	61	62	63	64	65	66	67	68	69	70	71	72	73	74	75	76	77	78	79	80	81	82	83	84	85	86	87	88	89	90	-1	92	93	94	95	96	97	98	99	100	101	102	103	104	105	106	107	108	109	110	111	112	113	114	115	116	117	-1	119	120	121	122	123	124	125	126	127	128	129	130	131	132	133	134	-1	136	137	138	139	140	141	142	143	144	145	146	147	148	149	-1	151	152	153	154	155	156	157	158	159	160	161	162	163	164	165	166	167	168	169	170	171	172	173	174	175	176	177	178	179	180	181	
33	34	35	36	37	38	39	40	41	42	43	44	45	46	47	48	49	50	51	0	53	54	55	56	57	58	59	60	61	62	63	64	65	66	67	68	69	70	71	72	73	74	75	76	77	78	79	80	81	82	83	84	85	86	87	88	89	90	91	-1	93	94	95	96	97	98	99	100	101	102	103	104	105	106	107	108	109	110	111	112	113	114	115	116	117	118	-1	120	121	122	123	124	125	126	127	128	129	130	131	132	133	134	135	-1	137	138	139	140	141	142	143	144	145	146	147	148	149	150	-1	152	153	154	155	156	157	158	159	160	161	162	163	164	165	166	167	168	169	170	171	172	173	174	175	176	177	178	179	180	181	182	
34	35	36	37	38	39	40	41	42	43	44	45	46	47	48	49	50	51	52	0	54	55	56	57	58	59	60	61	62	63	64	65	66	67	68	69	70	71	72	73	74	75	76	77	78	79	80	81	82	83	84	85	86	87	88	89	90	91	92	-1	94	95	96	97	98	99	100	101	102	103	104	105	106	107	108	109	110	111	112	113	114	115	116	117	118	119	-1	121	122	123	124	125	126	127	128	129	130	131	132	133	134	135	136	-1	138	139	140	141	142	143	144	145	146	147	148	149	150	151	-1	153	154	155	156	157	158	159	160	161	162	163	164	165	166	167	168	169	170	171	172	173	174	175	176	177	178	179	180	181	182	183	
35	36	37	38	39	40	41	42	43	44	45	46	47	48	49	50	51	52	53	0	55	56	57	58	59	60	61	62	63	64	65	66	67	68	69	70	71	72	73	74	75	76	77	78	79	80	81	82	83	84	85	86	87	88	89	90	91	92	93	-1	95	96	97	98	99	100	101	102	103	104	105	106	107	108	109	110	111	112	113	114	115	116	117	118	119	120	-1	122	123	124	125	126	127	128	129	130	131	132	133	134	135	136	137	-1	139	140	141	142	143	144	145	146	147	148	149	150	151	152	-1	154	155	156	157	158	159	160	161	162	163	164	165	166	167	168	169	170	171	172	173	174	175	176	177	178	179	180	181	182	183	184	
36	37	38	39	40	41	42	43	44	45	46	47	48	49	50	51	52	53	54	0	56	57	58	59	60	61	62	63	64	65	66	67	68	69	70	71	72	0	-1	75	76	77	78	79	80	81	82	83	84	85	86	87	88	89	90	91	92	93	94	-1	96	97	98	99	100	101	102	103	104	105	106	107	108	109	110	111	112	113	114	115	116	117	118	119	120	121	-1	123	124	125	126	127	128	129	130	131	132	133	134	135	136	137	138	-1	140	141	142	143	144	145	146	147	148	149	150	151	152	153	-1	155	156	157	158	159	160	161	162	163	164	165	166	167	168	169	170	171	172	173	174	175	176	177	178	179	180	181	182	183	184	185	
37	38	39	40	41	42	43	44	45	46	47	48	49	50	51	52	53	54	55	0	57	58	59	60	61	62	63	64	65	66	67	68	69	70	71	72	73	0	-1	76	77	78	79	80	81	82	83	84	85	86	87	88	89	90	91	92	93	94	95	-1	97	98	99	100	101	102	103	104	105	106	107	108	109	110	111	112	113	114	115	116	117	118	119	120	121	122	-1	124	125	126	127	128	129	130	131	132	133	134	135	136	137	138	-1	-1	141	142	143	144	145	146	147	148	149	150	151	152	153	154	-1	156	157	158	159	160	161	162	163	164	165	166	167	168	169	170	171	172	173	174	175	176	177	178	179	180	181	182	183	184	185	186	
38	39	40	41	42	43	44	45	46	47	48	49	50	51	52	53	54	55	56	0	58	59	60	61	62	63	64	65	66	67	68	69	70	71	72	73	74	0	-1	77	78	79	80	81	82	83	84	85	86	87	88	89	90	91	92	93	94	95	96	-1	98	99	100	101	102	103	104	105	106	107	108	109	110	111	112	113	114	115	116	117	118	119	120	121	122	123	124	125	126	127	128	129	130	131	132	133	134	135	136	137	138	139	-1	-1	142	143	144	145	146	147	148	149	150	151	152	153	154	155	-1	157	158	159	160	161	162	163	164	165	166	167	168	169	170	171	172	173	174	175	176	177	178	179	180	181	182	183	184	185	186	187	
39	40	41	42	43	44	45	46	47	48	49	50	51	52	53	54	55	56	57	0	59	60	61	62	63	64	65	66	67	68	69	70	71	72	73	74	75	0	-1	78	79	80	81	82	83	84	85	86	87	88	89	90	91	92	93	94	95	96	97	-1	99	100	101	102	103	104	105	106	107	108	109	110	111	112	113	114	115	116	117	118	119	120	121	122	123	124	125	126	127	128	129	130	131	132	133	134	135	136	137	138	139	140	-1	-1	143	144	145	146	147	148	149	150	151	152	153	154	155	156	-1	158	159	160	161	162	163	164	165	166	167	168	169	170	171	172	173	174	175	176	177	178	179	180	181	182	183	184	185	186	187	188	
40	41	42	43	44	45	46	47	48	49	50	51	52	53	54	55	56	57	58	0	60	61	62	63	64	65	66	67	68	69	70	71	72	73	74	75	76	0	-1	79	80	81	82	83	84	85	86	87	88	89	90	91	92	93	94	95	96	97	98	-1	100	101	-1	-1	-1	-1	-1	-1	-1	-1	-1	-1	-1	-1	-1	-1	-1	-1	-1	-1	-1	-1	-1	123	124	125	126	127	128	129	130	131	132	133	134	135	136	137	138	139	140	141	-1	-1	144	145	146	147	148	149	150	151	152	153	154	155	156	157	-1	159	160	161	162	163	164	165	166	167	168	169	170	171	172	173	174	175	176	177	178	179	180	181	182	183	184	185	186	187	188	189	
41	42	43	44	45	46	47	48	49	50	51	52	53	54	55	56	57	58	59	0	61	62	63	64	65	66	67	68	69	70	71	72	73	74	75	76	77	0	-1	80	81	82	83	84	85	86	87	88	89	90	91	92	93	94	95	96	97	98	99	-1	101	102	103	104	105	106	107	108	109	110	111	112	113	114	115	116	117	118	119	120	121	122	123	124	125	126	127	128	129	130	131	132	133	134	135	136	137	138	139	140	141	142	-1	-1	145	146	147	148	149	150	151	152	153	154	155	156	157	158	-1	160	161	162	163	164	165	166	167	168	169	170	171	172	173	174	175	176	177	178	179	180	181	182	183	184	185	186	187	188	189	190	
42	43	44	45	46	47	-1	49	50	51	52	53	54	55	56	57	58	59	60	0	62	63	64	65	66	67	68	69	70	71	72	73	74	75	76	77	78	0	-1	81	82	83	84	85	86	87	88	89	90	91	92	93	94	95	96	97	98	99	100	-1	102	103	104	105	106	107	108	109	110	111	112	113	114	115	116	117	118	119	120	121	122	123	124	125	126	127	128	129	130	131	132	133	134	135	136	137	138	139	140	141	142	143	-1	-1	146	147	148	149	150	151	152	153	154	155	156	157	158	159	-1	161	162	163	164	165	166	167	168	169	170	171	172	173	174	175	176	177	178	179	180	181	182	-1	-1	-1	-1	-1	-1	-1	190	191	
43	44	45	46	47	48	-1	50	51	52	53	54	55	56	57	58	59	60	61	0	63	64	65	66	67	68	69	70	71	72	73	74	75	76	77	78	79	0	-1	82	83	84	85	86	87	88	89	90	91	92	93	94	95	96	97	98	99	100	101	-1	103	104	105	106	107	108	109	110	111	112	113	114	115	116	-1	118	119	120	121	122	123	124	125	126	127	128	129	130	131	132	133	134	135	136	137	138	139	140	141	142	143	144	-1	-1	147	148	149	150	151	152	153	154	155	156	157	158	159	160	161	162	163	164	165	166	167	168	169	170	171	172	173	174	175	176	177	178	179	180	181	182	183	184	185	186	187	188	189	190	191	192	
44	45	46	47	48	49	-1	51	52	53	54	55	56	57	58	59	60	61	62	0	64	65	66	67	68	69	70	71	72	73	74	75	76	77	78	79	80	0	-1	83	84	85	86	87	88	89	90	91	92	93	94	95	96	97	98	99	100	101	102	-1	104	105	106	107	108	109	110	111	112	113	114	115	116	117	-1	119	120	121	122	123	124	125	126	127	128	129	130	131	132	133	134	135	136	137	138	139	140	141	142	143	144	145	-1	147	148	149	150	151	152	153	154	155	156	157	158	159	160	161	162	163	164	165	166	167	168	169	170	171	172	173	174	175	176	177	178	179	180	181	182	183	184	185	186	187	188	189	190	191	192	193	
45	46	47	48	49	50	-1	52	53	54	55	56	57	58	59	60	61	62	63	0	65	66	67	68	69	70	71	72	73	74	75	76	77	78	79	80	81	0	-1	84	85	86	87	88	89	90	91	92	93	94	95	96	97	98	99	100	101	102	103	-1	105	106	107	108	109	110	111	112	113	114	115	116	117	118	-1	120	121	122	123	124	125	126	127	128	129	130	131	132	133	134	135	136	137	138	139	140	141	142	143	144	145	146	-1	148	149	150	151	152	153	154	155	156	157	158	159	160	161	162	163	164	165	166	167	168	169	170	171	172	173	174	175	176	177	178	179	180	181	182	183	184	185	186	187	188	189	190	191	192	193	194	
46	47	48	49	50	51	-1	53	54	55	56	57	58	59	60	61	62	63	64	0	66	67	68	69	70	71	72	73	74	75	76	77	78	79	80	81	82	0	-1	85	86	87	88	89	90	91	92	93	94	95	96	97	-1	99	100	101	102	103	104	-1	106	107	108	109	110	111	112	113	114	115	116	117	118	119	-1	121	122	123	124	125	126	127	128	129	130	131	132	133	134	135	136	137	138	139	140	141	142	143	144	145	146	147	-1	149	150	151	152	153	154	155	156	157	158	159	160	161	162	163	164	165	166	167	168	169	170	171	172	173	174	175	176	177	178	179	180	181	182	183	184	185	186	187	188	189	190	191	192	193	194	195	
47	48	49	50	51	52	-1	54	55	56	57	58	59	60	61	62	63	64	65	0	67	68	69	70	71	72	73	74	75	76	77	78	79	80	81	82	83	0	-1	86	87	88	89	90	91	92	93	94	95	96	97	98	-1	100	101	102	103	104	105	-1	107	108	109	110	111	112	113	114	115	116	117	118	119	120	-1	122	123	124	125	126	127	128	129	130	131	132	133	134	135	136	137	138	139	140	141	142	143	144	145	146	147	148	-1	150	151	152	153	154	155	156	157	158	159	160	161	162	163	164	165	166	167	168	169	170	171	172	173	174	175	176	177	178	179	180	181	182	183	184	185	186	187	188	189	190	191	192	193	194	195	196	
48	49	50	51	52	53	-1	55	56	57	58	59	60	61	62	63	64	65	66	0	68	69	70	71	72	73	74	75	76	77	78	79	80	81	82	83	84	0	-1	87	88	89	90	91	92	93	94	95	96	97	98	99	-1	101	102	103	104	105	106	-1	108	109	110	111	112	113	114	115	116	117	118	119	120	121	-1	123	124	125	126	127	128	129	130	131	132	133	134	135	136	137	138	139	140	141	142	143	144	145	146	147	148	149	-1	151	152	153	154	155	156	157	158	159	160	161	162	163	164	165	166	167	168	169	170	171	172	173	174	175	176	177	178	179	180	181	182	183	184	185	186	187	188	189	190	191	192	193	194	195	196	197	
49	50	51	52	53	54	-1	56	57	58	59	60	61	62	63	64	65	66	67	0	69	70	71	72	73	74	75	76	77	78	79	80	81	82	83	84	85	0	-1	88	89	90	91	92	93	94	95	96	97	98	99	100	-1	102	103	104	105	106	107	108	109	110	111	112	113	114	115	116	117	118	119	120	121	122	-1	124	125	126	127	128	129	130	131	132	133	134	135	136	137	138	139	140	141	142	143	144	145	146	147	148	149	150	-1	152	153	154	155	156	157	158	159	160	161	162	163	164	165	166	167	168	169	170	171	172	173	174	175	176	177	178	179	180	181	182	183	184	185	186	187	188	189	190	191	192	193	194	195	196	197	198	
50	51	52	53	54	55	-1	57	58	59	60	61	62	63	64	65	66	67	68	0	70	71	72	73	74	75	76	77	78	79	80	81	82	83	84	85	86	0	-1	89	90	91	92	93	94	95	96	97	98	99	100	101	-1	103	104	105	106	107	108	109	110	111	112	113	114	115	116	117	118	119	120	121	122	123	-1	125	126	127	128	129	130	131	132	133	134	135	136	137	138	139	140	141	142	143	144	145	146	147	148	149	150	151	-1	153	154	155	156	157	158	159	160	161	162	163	164	165	166	167	168	169	170	171	172	173	174	175	176	177	178	179	180	181	182	183	184	185	186	187	188	189	190	191	192	193	194	195	196	197	198	199	
51	52	53	54	55	56	-1	58	59	60	61	62	63	64	65	66	67	68	69	0	71	72	73	74	75	76	77	78	79	80	81	82	83	84	85	86	87	0	-1	90	91	92	93	94	95	96	97	98	99	100	101	102	-1	104	105	106	107	108	109	110	111	112	113	114	115	116	117	118	119	120	121	122	123	124	-1	126	127	128	129	130	131	132	133	134	135	136	137	138	139	140	141	142	143	144	145	146	147	148	149	150	151	152	-1	154	155	156	157	158	159	160	161	162	163	164	165	166	167	168	169	170	171	172	173	174	175	176	177	178	179	180	181	182	183	184	185	186	187	188	189	190	191	192	193	194	195	196	197	198	199	200	
52	53	54	55	56	57	-1	59	60	61	62	63	64	65	66	67	68	69	70	0	72	73	74	75	76	77	78	79	80	81	82	83	84	85	86	87	88	0	-1	91	92	93	94	95	96	97	98	99	100	101	102	103	-1	105	106	107	108	109	110	111	112	113	114	115	116	117	118	119	120	121	122	123	124	125	-1	127	128	129	130	131	132	133	134	135	136	137	138	139	140	141	142	143	144	145	146	147	148	149	150	151	152	153	-1	155	156	157	158	159	160	161	162	163	164	165	166	167	168	169	170	171	172	173	174	175	176	177	178	179	180	181	182	183	184	185	186	187	188	189	190	191	192	193	194	195	196	197	198	199	200	201	
53	54	55	56	57	58	-1	60	61	62	63	64	65	66	67	68	69	70	71	0	73	74	75	76	77	78	79	80	81	82	83	84	85	86	87	88	89	0	-1	92	93	94	95	96	97	98	99	100	101	102	103	104	-1	106	107	108	109	110	111	112	113	114	115	116	117	118	119	120	121	122	123	124	125	126	-1	128	129	130	131	132	133	134	135	136	137	138	139	140	141	142	143	144	145	146	147	148	149	150	151	152	153	154	-1	156	157	158	159	160	161	162	163	164	165	166	167	168	169	170	171	172	173	174	175	176	177	178	179	180	181	182	183	184	185	186	187	188	189	190	191	192	193	194	195	196	197	198	199	200	201	202	
54	55	56	57	58	59	-1	61	62	63	64	65	66	67	68	69	70	71	72	0	74	75	76	77	78	79	80	81	82	83	84	85	86	87	88	89	90	0	-1	93	94	95	96	97	98	99	100	101	102	103	104	105	-1	107	108	109	110	111	112	113	114	115	116	117	118	119	120	121	122	123	124	125	126	127	-1	129	130	131	132	133	134	135	136	137	138	139	140	141	142	143	144	145	146	147	148	149	150	151	152	153	154	155	156	157	158	159	160	161	162	163	164	165	166	167	168	169	170	171	172	173	174	175	176	177	178	179	180	181	182	183	184	185	186	187	188	189	190	191	192	193	194	195	196	197	198	199	200	201	202	203	
55	56	57	58	59	60	-1	62	63	64	65	66	67	68	69	70	71	72	73	0	75	76	77	78	79	80	81	82	83	84	85	86	87	88	89	90	91	0	-1	94	95	96	97	98	99	100	101	102	103	104	105	106	-1	108	109	110	111	112	113	114	115	116	117	118	119	120	121	122	123	124	125	126	127	128	-1	130	131	132	133	134	135	136	137	138	139	140	141	142	143	144	145	146	147	148	149	150	151	152	153	154	155	156	157	158	159	160	161	162	163	164	165	166	167	168	169	170	171	172	173	174	175	176	177	178	179	180	181	182	183	184	185	186	187	188	189	190	191	192	193	194	195	196	197	198	199	200	201	202	203	204	
56	57	58	59	60	61	-1	63	64	65	66	67	68	69	70	71	72	73	74	0	76	77	78	79	80	81	82	83	84	85	86	87	88	89	90	91	92	0	0	95	96	97	98	99	100	101	102	103	104	105	106	107	-1	109	110	111	112	113	114	115	116	117	118	119	120	121	122	123	124	125	126	127	128	129	-1	131	132	133	134	135	136	137	138	139	140	141	142	143	144	145	146	147	148	149	150	151	152	153	154	155	156	157	158	159	160	161	162	163	164	165	166	167	168	169	170	171	172	173	174	175	176	177	178	179	180	181	182	183	184	185	186	187	188	189	190	191	192	193	194	195	196	197	198	199	200	201	202	203	204	205	
57	58	59	60	61	62	-1	64	65	66	67	68	69	70	71	72	73	74	75	0	77	78	79	80	81	82	83	84	85	86	87	88	89	90	91	92	93	0	0	96	97	98	99	100	101	102	103	104	105	106	107	108	-1	110	111	112	113	114	115	116	117	118	119	120	121	122	123	124	125	126	127	128	129	130	-1	132	133	134	135	136	137	138	139	140	141	142	143	144	145	146	147	148	149	150	151	152	153	154	155	156	157	158	159	160	161	162	163	164	165	166	167	168	169	170	171	172	173	174	175	176	177	178	179	180	181	182	183	184	185	186	187	188	189	190	191	192	193	194	195	196	197	198	199	200	201	202	203	204	205	206	
58	59	60	61	62	63	-1	65	66	67	68	69	70	71	72	73	74	75	76	0	78	79	80	81	82	83	84	85	86	87	88	89	90	91	92	93	94	0	0	97	98	99	100	101	102	103	104	105	106	107	108	109	-1	111	112	113	114	115	116	117	118	119	120	121	122	123	124	125	126	127	128	129	130	131	-1	133	134	135	136	137	138	139	140	141	142	143	144	145	146	147	148	149	150	151	152	153	154	155	156	157	158	159	160	161	162	163	164	165	166	167	168	169	170	171	172	173	174	175	176	177	178	179	180	181	182	183	184	185	186	187	188	189	190	191	192	193	194	195	196	197	198	199	200	201	202	-1	-1	-1	-1	-1	
59	60	61	62	63	64	-1	66	67	68	69	70	71	72	73	74	75	76	77	0	79	80	81	82	83	84	85	86	87	88	89	90	91	92	93	94	95	0	0	98	99	100	101	102	103	104	105	106	107	108	109	110	-1	112	113	114	115	116	117	118	119	120	121	122	123	124	125	126	127	128	129	130	131	132	-1	134	135	136	137	138	139	140	141	142	143	144	145	146	147	148	149	150	151	152	153	154	155	156	157	158	159	160	161	162	163	164	165	166	167	168	169	170	171	172	173	174	175	176	177	178	179	180	181	182	183	184	185	186	187	188	189	190	191	192	193	194	195	196	197	198	199	200	201	202	203	204	-1	206	207	208	
60	61	62	63	64	65	-1	67	68	69	70	71	72	73	74	75	76	77	78	0	80	81	82	83	84	85	86	87	88	89	90	91	92	93	94	95	96	0	0	99	100	101	102	103	104	105	106	107	108	109	110	111	-1	113	114	115	116	117	118	119	120	121	122	123	124	125	126	127	128	129	130	131	132	133	-1	135	136	137	138	139	140	141	142	143	144	145	146	147	148	149	150	151	152	153	-1	155	156	157	158	159	160	161	162	163	164	165	166	167	168	169	170	171	172	173	174	175	176	177	178	179	180	181	182	183	184	185	186	187	188	189	190	191	192	193	194	195	196	197	198	199	200	201	202	203	204	205	-1	207	208	209	
61	62	63	64	65	66	-1	68	69	70	71	72	73	74	75	76	77	78	79	-1	81	82	83	84	85	86	87	88	89	90	91	92	93	94	95	96	97	0	0	100	101	102	103	104	105	106	107	108	109	110	111	112	-1	114	115	116	117	118	119	120	121	122	123	124	125	126	127	128	129	130	131	132	133	134	-1	136	137	138	139	140	141	142	143	144	145	146	147	148	149	150	151	152	153	154	-1	156	157	158	159	160	161	162	163	164	165	166	167	168	169	170	171	172	173	174	175	176	177	178	179	180	181	182	183	184	185	186	187	188	189	190	191	192	193	194	195	196	197	198	199	200	201	202	203	204	205	206	-1	208	209	210	
62	63	64	65	66	67	-1	69	70	71	72	73	74	75	76	77	78	79	80	-1	82	83	84	85	86	87	88	89	90	91	92	93	94	95	96	97	98	0	0	101	102	103	104	105	106	107	108	109	110	111	112	113	-1	115	116	117	118	119	120	121	122	123	124	125	126	127	128	129	130	131	132	133	134	135	-1	137	138	139	140	141	142	143	144	145	146	147	148	149	150	151	152	153	154	155	-1	157	158	159	160	161	162	163	164	165	166	167	168	169	170	171	172	173	174	175	176	177	178	179	180	181	182	183	184	-1	186	187	188	189	190	191	192	193	194	195	196	197	198	199	200	201	202	203	204	205	206	207	-1	209	210	211	
63	64	65	66	67	68	-1	70	71	72	73	74	75	76	77	78	79	80	81	-1	83	84	85	86	87	88	89	90	91	92	93	94	95	96	97	98	99	0	0	102	103	104	105	106	107	108	109	110	111	112	113	114	-1	116	117	118	119	120	121	122	123	124	125	126	127	128	129	130	131	132	133	134	135	136	-1	138	139	140	141	142	143	144	145	146	147	148	149	150	151	152	153	154	155	156	-1	158	159	160	161	162	163	164	165	166	167	168	169	170	171	172	173	174	175	176	177	178	179	180	181	182	183	184	185	-1	187	188	189	190	191	192	193	194	195	196	197	198	199	200	201	202	203	204	205	206	207	208	-1	210	211	212	
64	65	66	67	68	69	-1	71	72	73	74	75	76	77	78	79	80	81	82	-1	84	85	86	87	88	89	90	91	92	93	94	95	96	97	98	99	100	0	0	103	104	105	106	107	108	109	110	111	112	113	114	115	-1	117	118	119	120	121	122	123	124	125	126	127	128	129	130	131	132	133	134	135	136	137	-1	139	140	141	142	143	144	145	146	147	148	149	150	151	152	153	154	155	156	157	-1	159	160	161	162	163	164	165	166	167	168	169	170	171	172	173	174	175	176	177	178	179	180	181	182	183	184	185	186	-1	188	189	190	191	192	193	194	195	196	197	198	199	200	201	202	203	204	205	206	207	208	209	-1	211	212	213	
65	66	67	68	69	70	-1	72	73	74	75	76	77	78	79	80	81	82	83	-1	85	86	87	88	89	90	91	92	93	94	95	96	97	98	99	100	101	0	0	104	105	106	107	108	109	110	111	112	113	114	115	116	-1	118	119	120	121	122	123	124	125	126	127	128	129	130	131	132	133	134	135	136	137	138	-1	140	141	142	143	144	145	146	147	148	149	150	151	152	153	154	155	156	157	158	-1	160	161	162	163	164	165	166	167	168	169	170	171	172	173	174	175	176	177	178	179	180	181	182	183	184	185	186	187	-1	189	190	191	192	193	194	195	196	197	198	199	200	201	202	203	204	205	206	207	208	209	210	-1	212	213	214	
66	67	68	69	70	71	72	73	74	75	76	77	78	79	80	81	82	83	84	-1	86	87	88	89	90	91	92	93	94	95	96	97	98	99	100	101	102	0	0	105	106	107	108	109	110	111	112	113	114	115	116	117	-1	119	120	121	122	123	124	125	126	127	128	129	130	131	132	133	134	135	136	137	138	139	-1	141	142	143	144	145	146	147	148	149	150	151	152	153	154	155	156	157	158	159	-1	161	162	163	164	165	166	167	168	169	170	171	172	173	174	175	176	177	178	179	180	181	182	183	184	185	186	187	188	-1	190	191	192	193	194	195	196	197	198	199	200	201	202	203	204	205	206	207	208	209	210	211	-1	213	214	215	
67	68	69	70	71	72	73	74	75	76	77	78	79	80	81	82	83	84	85	-1	87	88	89	90	91	92	93	94	95	96	97	98	99	100	101	102	103	0	0	106	107	108	109	110	111	112	113	114	115	116	117	118	-1	120	121	122	123	124	125	126	127	128	129	130	131	132	133	134	135	136	137	138	139	140	-1	142	143	144	145	146	147	148	149	150	151	152	153	154	155	156	157	158	159	160	-1	162	163	164	165	166	167	168	169	170	171	172	173	174	175	176	177	178	179	180	181	182	183	184	-1	-1	-1	-1	-1	-1	-1	-1	193	194	195	196	197	198	199	200	201	202	203	204	205	206	207	208	209	210	211	212	213	214	215	216	
68	69	70	71	72	73	74	75	76	77	78	79	80	81	82	83	84	85	86	-1	88	89	90	91	92	93	94	95	96	97	98	99	100	101	102	103	104	0	0	107	108	109	110	111	112	113	114	115	116	117	118	119	-1	121	122	123	124	125	126	127	128	129	130	131	132	133	134	135	136	137	138	139	140	141	-1	143	144	145	146	147	148	149	150	151	152	153	154	155	156	157	158	159	160	161	-1	163	164	165	166	167	168	169	170	171	172	173	174	175	176	177	178	179	180	181	182	183	184	185	186	187	188	189	190	-1	192	193	194	195	196	197	198	199	200	201	202	203	204	205	206	207	208	209	210	211	212	213	214	215	216	217	
69	70	71	72	73	74	75	76	77	78	79	80	81	82	83	84	85	86	87	-1	89	90	91	92	93	94	95	96	97	98	99	100	101	102	103	104	105	0	0	108	109	110	111	112	113	114	115	116	117	118	119	120	-1	122	123	124	125	126	127	128	129	130	131	132	133	134	135	136	137	138	139	140	141	142	-1	144	145	146	147	148	149	150	151	152	153	154	155	156	157	158	159	160	161	162	-1	164	165	166	167	168	169	170	171	172	173	174	175	176	177	178	179	180	181	182	183	184	185	186	187	188	189	190	191	-1	193	194	195	196	197	198	199	200	201	202	203	204	205	206	207	208	209	210	211	212	213	214	215	216	217	218	
70	71	72	73	74	75	76	77	78	79	80	81	82	83	84	85	86	87	88	-1	90	91	92	93	94	95	96	97	98	99	100	101	102	103	104	105	106	0	0	109	110	111	112	113	114	115	116	117	118	119	120	121	-1	123	124	125	126	127	128	129	130	131	132	133	134	135	136	137	138	139	140	141	142	143	-1	145	146	147	148	149	150	151	152	153	154	155	156	157	158	159	160	161	162	163	-1	165	166	167	168	169	170	171	172	173	174	175	176	177	178	179	180	181	182	-1	-1	-1	-1	-1	-1	-1	-1	-1	-1	-1	194	195	196	197	198	199	200	201	202	203	204	205	206	207	208	209	210	211	212	213	214	215	216	217	218	219	
71	72	73	74	75	76	77	78	79	80	81	82	83	84	85	86	87	88	89	-1	91	92	93	94	95	96	97	98	99	100	101	102	103	104	105	106	107	0	0	110	111	112	113	114	115	116	117	118	119	120	121	122	-1	124	125	126	127	128	129	130	131	132	133	134	135	136	137	138	139	140	141	142	143	144	-1	146	147	148	149	150	151	152	153	154	155	156	157	158	159	160	161	162	163	164	-1	166	167	168	169	170	171	172	173	174	175	176	177	178	179	180	181	182	183	184	185	186	187	188	189	190	191	192	193	-1	195	196	197	198	199	200	201	202	203	204	205	206	207	208	209	210	211	212	213	214	215	216	217	218	219	220	
72	73	74	75	76	77	78	79	80	81	82	83	84	85	86	87	88	89	90	-1	92	93	94	95	96	97	98	99	100	101	102	103	104	105	106	107	108	0	0	111	112	113	114	115	116	117	118	119	120	121	122	123	-1	125	126	127	128	129	130	131	132	133	134	135	136	137	138	139	140	141	142	143	144	145	-1	147	148	149	150	151	152	153	154	155	156	157	158	159	160	161	162	163	164	165	-1	167	168	169	170	171	-1	173	174	175	176	177	178	179	180	181	182	183	184	185	186	187	188	189	190	191	192	193	194	-1	196	197	198	199	200	201	202	203	204	205	206	207	208	209	210	211	212	213	214	215	216	217	218	219	220	221	
73	74	75	76	77	78	79	80	81	82	83	84	85	86	87	88	89	90	91	-1	93	94	95	96	97	98	99	100	101	102	103	104	105	106	107	108	109	0	0	112	113	114	115	116	117	118	119	120	121	122	123	124	-1	126	127	128	129	130	131	132	133	134	135	-1	-1	-1	-1	-1	-1	-1	-1	-1	-1	-1	-1	-1	-1	-1	-1	-1	-1	-1	155	156	157	158	159	160	161	162	163	164	165	166	-1	168	169	170	171	172	-1	174	175	176	177	178	179	180	181	182	183	184	185	186	187	188	189	190	191	192	193	194	195	-1	197	198	199	200	201	202	203	204	205	206	207	208	209	210	211	212	213	214	215	216	217	218	219	220	221	222	
74	75	76	77	78	79	80	81	82	83	84	85	86	87	88	89	90	91	92	-1	94	95	96	97	98	99	100	101	102	103	104	105	106	107	108	109	110	0	0	113	114	115	116	117	118	119	120	121	122	123	124	125	-1	127	128	129	130	131	132	133	134	135	136	137	138	139	140	141	142	143	144	145	146	147	-1	149	150	151	152	153	154	155	156	157	158	159	160	161	162	163	164	165	166	167	-1	169	170	171	172	173	-1	175	176	177	178	179	180	181	182	183	184	185	186	187	188	189	190	191	192	193	194	195	196	-1	198	199	200	201	202	203	204	205	206	207	208	209	210	211	212	213	214	215	216	217	218	219	220	221	222	223	
75	76	77	78	79	80	81	82	83	84	85	86	87	88	89	90	91	92	93	-1	95	96	97	98	99	100	101	102	103	104	105	106	107	108	109	110	111	0	0	114	115	116	117	118	119	120	121	122	123	124	125	126	-1	128	129	130	131	132	133	134	135	136	137	138	139	140	141	142	-1	-1	-1	-1	-1	-1	-1	-1	-1	-1	-1	-1	-1	-1	-1	-1	-1	-1	161	162	163	164	165	166	167	168	-1	170	171	172	173	174	-1	176	177	178	179	180	181	182	183	184	185	186	187	188	189	190	191	192	193	194	195	196	197	-1	199	200	201	202	203	204	205	206	207	208	209	210	211	212	213	214	215	216	217	218	219	220	221	222	223	224	
76	77	78	79	80	81	82	83	84	85	86	87	88	89	90	91	92	93	94	-1	96	97	98	99	100	101	102	103	104	105	106	107	108	109	110	111	112	0	0	115	116	117	118	119	120	121	122	123	124	125	126	127	128	129	130	131	132	133	134	135	136	137	138	139	140	141	142	143	144	145	146	147	148	149	150	151	152	153	154	155	156	157	158	159	160	161	162	163	164	165	166	167	168	169	-1	171	172	173	174	175	-1	177	178	179	180	181	182	183	184	185	186	187	188	189	190	191	192	193	194	195	196	197	198	-1	200	201	202	203	204	205	206	207	208	209	210	211	212	213	214	215	216	217	218	219	220	221	222	223	224	225	
77	78	79	80	81	82	83	84	85	86	87	88	89	90	91	92	93	94	95	-1	97	98	99	100	101	102	103	104	105	106	107	108	109	110	111	112	113	0	0	116	117	118	119	120	121	122	123	124	125	126	127	128	129	130	131	132	133	134	135	136	137	138	139	140	141	142	143	144	145	146	147	148	149	150	151	152	153	154	155	156	157	158	159	160	161	162	163	164	165	166	167	168	169	170	-1	172	173	174	175	176	-1	178	179	180	181	182	183	184	185	186	187	188	189	190	191	192	193	194	195	196	197	198	199	-1	201	202	203	204	205	206	207	208	209	210	211	212	213	214	215	216	217	218	219	220	221	222	223	224	225	226	
78	79	80	81	82	83	84	85	86	87	88	89	90	91	92	93	94	95	96	-1	98	99	100	101	102	103	104	105	106	107	108	109	110	111	112	113	114	0	0	117	118	119	120	121	122	123	124	125	126	127	128	129	130	131	132	133	134	135	136	137	138	139	140	141	142	143	144	145	146	147	148	149	150	151	152	153	154	155	156	157	158	159	160	161	162	163	164	165	166	167	168	169	170	171	-1	173	174	175	176	177	-1	179	180	181	182	183	184	185	186	187	188	189	190	191	192	193	194	195	196	197	198	199	200	-1	202	203	204	205	206	207	208	209	210	211	212	213	214	215	216	217	218	219	220	221	222	223	224	225	226	227	
79	80	81	82	83	84	85	86	87	88	89	90	91	92	93	94	95	96	97	-1	99	100	101	102	103	104	105	106	107	108	109	110	111	112	113	114	115	0	0	118	119	120	121	122	123	124	125	126	127	128	129	130	131	132	133	134	135	136	137	138	139	140	141	142	143	144	145	146	147	148	149	150	151	152	153	154	155	156	157	158	159	160	161	162	163	164	165	166	167	168	169	170	171	172	-1	174	175	176	177	178	-1	180	181	182	183	184	185	186	187	188	189	190	191	192	193	194	195	196	197	198	199	200	201	-1	203	204	205	206	207	208	209	210	211	212	213	214	215	216	217	218	219	220	221	222	223	224	225	226	227	228	
80	81	82	83	84	85	86	87	88	89	90	91	92	93	94	95	96	97	98	99	100	101	102	103	104	105	106	107	108	109	110	111	112	113	114	115	116	0	0	119	120	121	122	123	124	125	126	127	128	129	130	131	132	133	134	135	136	137	138	139	140	141	142	143	144	145	146	147	148	149	150	151	152	153	154	155	156	157	158	159	160	161	162	163	164	165	166	167	168	169	170	171	172	173	-1	175	176	177	178	179	-1	181	182	-1	184	185	186	187	188	189	190	191	192	193	194	195	196	197	198	199	200	201	202	-1	204	205	206	207	208	209	210	211	212	213	214	215	216	217	218	219	220	221	222	223	224	225	226	227	228	229	
81	82	83	84	85	86	87	88	89	90	91	92	93	94	95	96	97	98	0	100	101	102	103	104	105	106	107	108	109	110	111	112	113	114	115	116	117	0	0	120	121	122	123	124	125	126	127	128	129	130	131	132	133	134	135	136	137	138	139	140	141	142	143	144	145	146	147	148	149	150	151	152	153	154	155	156	157	158	159	160	161	162	163	164	165	166	167	168	169	170	171	172	173	174	-1	176	177	178	179	180	-1	182	183	-1	185	186	187	188	189	190	191	192	193	194	195	196	197	198	199	200	201	202	203	-1	205	206	207	208	209	210	211	212	213	214	215	216	217	218	219	220	221	222	223	224	225	226	227	228	229	230	
82	83	84	85	86	87	88	89	90	91	92	93	94	95	96	97	98	99	0	101	102	103	104	105	106	107	108	109	110	111	112	113	114	115	116	117	118	0	0	121	122	123	124	125	126	127	128	129	130	131	132	133	134	135	136	137	138	139	140	141	142	143	144	145	146	147	148	149	150	151	152	153	154	155	156	157	158	159	160	161	162	163	164	165	166	167	168	169	170	171	172	173	174	175	-1	177	178	179	180	181	-1	183	184	-1	186	187	188	189	190	191	192	193	194	195	196	197	198	199	200	201	202	203	204	-1	206	207	208	209	210	211	212	213	214	215	216	217	218	219	220	221	222	223	224	225	226	227	228	229	230	231	
83	84	85	86	87	88	89	90	91	92	93	94	95	96	97	98	99	100	0	102	103	104	105	106	107	108	109	110	111	112	113	114	115	116	117	118	119	0	0	122	123	124	125	126	127	128	129	130	131	132	133	134	135	136	137	138	139	140	141	142	143	144	145	146	147	148	149	150	151	152	153	154	155	156	157	158	159	160	161	162	163	164	165	166	167	168	169	170	171	172	173	174	175	176	-1	178	179	180	181	182	183	184	185	-1	187	188	189	190	191	192	193	194	195	196	197	198	199	200	201	202	203	204	205	-1	207	208	209	210	211	212	213	214	215	216	217	218	219	220	221	222	223	224	225	226	227	228	229	230	231	232	
84	85	86	87	88	89	90	91	92	93	94	95	96	97	98	99	100	101	0	103	104	105	106	107	108	109	110	111	112	113	114	115	116	117	118	119	120	0	0	123	124	125	126	127	128	129	130	131	132	133	134	135	136	137	138	139	140	141	142	143	144	145	146	147	148	149	150	151	152	153	154	155	156	157	158	159	160	161	162	163	164	165	166	167	168	169	170	171	172	173	174	175	176	177	-1	179	180	181	182	183	184	185	186	-1	188	189	190	191	192	193	194	195	196	197	198	199	200	201	202	203	204	205	206	-1	208	209	210	211	212	213	214	215	216	217	218	219	220	221	222	223	224	225	226	227	228	229	230	231	232	233	
85	86	87	88	89	90	91	92	93	94	95	96	97	98	99	100	101	102	0	104	105	106	107	108	109	110	111	112	113	114	115	116	117	118	119	120	121	0	0	124	125	126	127	128	129	130	131	132	133	134	135	136	137	138	139	140	141	142	143	144	145	146	147	148	149	150	151	152	153	154	155	156	157	158	159	160	161	162	163	164	165	166	167	168	169	170	171	172	173	174	175	176	177	178	-1	180	181	182	183	184	185	186	187	-1	189	190	191	192	193	194	195	196	197	198	199	200	201	202	203	204	205	206	207	-1	209	210	211	212	213	214	215	216	217	218	219	220	221	222	223	224	225	226	227	228	229	230	231	232	233	234	
86	87	88	89	90	91	92	93	94	95	96	97	98	99	100	101	102	103	0	105	106	107	108	109	110	111	112	113	114	115	116	117	118	119	120	121	122	0	0	125	126	127	128	129	130	131	132	133	134	135	136	137	138	139	140	141	142	143	144	145	146	147	148	149	150	151	152	153	154	155	156	157	158	159	160	161	162	163	164	165	166	167	168	169	170	171	172	173	174	175	176	177	178	179	-1	181	182	183	184	185	186	187	188	-1	190	191	192	193	194	195	196	197	198	199	200	201	202	203	204	205	206	207	208	-1	210	211	212	213	214	215	216	217	218	219	220	221	222	223	224	225	226	227	228	229	230	231	232	233	234	235	
87	88	89	90	91	92	93	94	95	96	97	98	99	100	101	102	103	104	0	106	107	108	109	110	111	112	113	114	115	116	117	118	119	120	121	122	123	0	0	126	127	128	129	130	131	132	133	134	135	136	137	138	139	140	141	142	143	144	145	146	147	148	149	150	151	152	153	154	155	156	157	158	159	160	161	162	163	164	165	166	167	168	169	170	171	172	173	174	175	176	177	178	179	180	-1	182	183	184	185	186	187	188	189	-1	191	192	193	194	195	196	197	198	199	200	201	202	203	204	205	206	207	208	209	210	211	212	213	214	215	216	217	218	219	220	221	222	223	224	225	226	227	228	229	230	231	232	233	234	235	236	
88	89	90	91	92	93	94	95	96	97	98	-1	100	101	102	103	104	105	0	107	108	109	110	111	112	113	114	115	116	117	118	119	120	121	122	123	124	0	0	127	128	129	130	131	132	133	134	135	136	137	138	139	140	141	142	143	144	145	146	147	148	149	150	151	152	153	154	155	156	157	158	159	160	161	162	163	164	165	166	-1	-1	-1	-1	-1	-1	-1	-1	-1	-1	-1	-1	-1	-1	-1	-1	-1	-1	-1	-1	-1	-1	-1	-1	-1	-1	193	194	195	196	197	198	199	200	201	202	203	204	205	206	207	208	209	210	211	212	213	214	215	216	217	218	219	220	221	222	223	224	225	226	227	228	229	230	231	232	233	234	235	236	237	
89	90	91	92	93	94	95	96	97	98	99	-1	101	102	103	104	105	106	0	108	109	110	111	112	113	114	115	116	117	118	119	120	121	122	123	124	125	0	0	128	129	130	131	132	133	134	135	136	137	138	139	140	141	142	143	144	145	146	147	148	149	150	151	152	153	154	155	156	157	158	159	160	161	162	163	164	165	166	167	168	169	170	171	172	173	174	175	176	177	178	179	180	181	182	-1	184	185	186	187	188	189	190	191	-1	193	194	195	196	197	198	199	200	201	202	203	204	205	206	207	208	209	210	211	212	213	214	215	216	217	218	219	220	221	222	223	224	225	226	227	228	229	-1	-1	-1	-1	-1	-1	-1	-1	-1	
90	91	92	93	94	95	96	97	98	99	100	-1	102	103	104	105	106	107	0	109	110	111	112	113	114	115	116	117	118	119	120	121	122	123	124	125	126	0	0	129	130	131	132	133	134	135	136	137	138	139	140	141	142	143	144	145	146	147	148	149	150	151	152	153	154	155	156	157	158	159	160	161	162	163	164	165	166	167	168	169	170	171	172	173	174	175	176	177	178	179	180	181	182	183	-1	185	186	187	188	189	190	191	192	-1	194	195	196	197	198	199	200	201	202	203	204	205	206	207	208	209	210	211	212	213	214	215	216	217	218	219	220	221	222	223	224	225	226	227	228	229	230	231	232	233	234	235	236	237	-1	-1	
91	92	93	94	95	96	97	98	99	100	101	-1	103	104	105	106	107	108	0	110	111	112	113	114	115	116	117	118	119	120	121	122	123	124	125	126	127	0	0	130	131	132	133	134	135	136	137	138	139	140	141	142	143	144	145	146	147	148	149	150	151	152	153	154	155	156	157	158	159	160	161	162	163	164	165	166	167	168	169	170	171	172	173	174	175	176	177	178	179	180	181	182	183	184	-1	186	187	188	189	190	191	192	193	-1	195	196	197	198	199	200	201	202	203	204	205	206	207	208	209	210	211	212	213	214	215	216	217	218	219	220	221	222	223	224	225	226	227	228	229	230	231	232	233	234	235	236	237	238	239	240	
92	93	94	95	96	97	98	99	100	101	102	-1	104	105	106	107	108	109	0	111	112	113	114	115	116	117	118	119	120	121	122	123	124	125	126	127	128	0	0	131	132	133	134	135	136	137	138	139	140	141	142	143	144	145	146	147	148	149	150	151	152	153	154	155	156	157	158	159	160	161	162	163	164	165	166	167	168	169	170	171	172	173	174	175	176	177	178	179	180	181	182	183	184	185	-1	187	188	189	190	191	192	193	194	-1	196	197	198	199	200	201	202	203	204	205	206	207	208	209	210	211	212	213	214	215	216	217	218	219	220	221	222	223	224	225	226	227	228	229	230	231	232	233	234	235	236	237	238	239	240	241	
93	94	95	96	97	98	99	100	101	102	103	-1	105	106	107	108	109	110	0	112	113	114	115	116	117	118	119	120	121	122	123	124	125	126	127	128	129	0	0	132	133	134	135	136	137	138	139	140	141	142	143	144	145	146	147	148	149	150	151	152	153	154	155	156	157	158	159	160	161	162	163	164	165	166	167	168	169	170	171	172	173	174	175	176	177	178	179	180	181	182	183	184	185	186	-1	188	189	190	191	192	193	194	195	-1	197	198	199	200	201	202	203	204	205	206	207	208	209	210	211	212	213	214	215	216	217	218	219	220	221	222	223	224	225	226	227	228	229	230	231	232	233	234	235	236	237	238	239	240	241	242	
94	95	96	97	98	99	100	101	102	103	104	-1	106	107	108	109	110	111	0	113	114	115	116	117	118	119	120	121	122	123	124	125	126	127	128	129	130	0	0	133	134	135	136	137	138	139	140	141	142	143	144	145	146	147	148	149	150	151	152	153	154	155	156	157	158	159	160	161	162	163	164	165	166	167	168	169	170	171	172	173	174	175	176	177	178	179	180	181	182	183	184	185	186	187	-1	189	190	191	192	193	194	195	196	-1	198	199	200	201	202	203	204	205	206	207	208	209	210	211	212	213	214	215	216	217	218	219	220	221	222	223	224	225	226	227	228	229	230	231	232	233	234	235	236	237	238	239	240	241	242	243	
95	96	97	98	99	100	101	102	103	104	105	-1	107	108	109	110	111	112	0	114	115	116	117	118	119	120	121	122	123	124	125	126	127	128	129	130	131	0	0	134	135	136	137	138	139	140	141	142	143	144	145	146	147	148	149	150	151	152	153	154	155	156	157	158	159	160	161	162	163	164	165	166	167	168	169	170	171	172	173	174	175	176	177	178	179	180	181	182	183	184	185	186	187	188	-1	190	191	192	193	194	195	196	197	-1	199	200	201	202	203	204	205	206	207	208	209	210	211	212	213	214	215	216	217	218	219	220	221	222	223	224	225	226	227	228	229	230	231	232	233	234	235	236	237	238	239	240	241	242	243	244	
96	97	98	99	100	101	102	103	104	105	106	-1	108	109	110	111	112	113	0	115	116	117	118	119	120	121	122	123	124	125	126	127	128	129	130	131	132	0	0	135	136	137	138	139	140	141	142	143	144	145	146	147	148	149	150	151	152	153	154	155	156	157	158	159	160	161	162	163	164	165	166	167	168	169	170	171	172	173	174	175	176	177	178	179	180	181	182	183	184	185	186	187	188	189	-1	191	192	193	194	195	196	197	198	-1	200	201	202	203	204	205	206	207	208	209	210	211	212	213	214	215	216	217	218	219	220	221	222	223	224	225	226	227	228	229	230	231	232	233	234	235	236	237	238	239	240	241	242	243	244	245	
97	98	99	100	101	102	103	104	105	106	107	-1	109	110	111	112	113	114	0	116	117	118	119	120	121	122	123	124	125	126	127	128	129	130	131	132	133	0	0	136	137	138	139	140	141	142	143	144	145	146	147	148	149	150	151	152	153	154	155	156	157	158	159	160	161	162	163	164	165	166	167	168	169	170	171	172	173	174	175	176	177	178	179	180	181	182	183	184	185	186	187	188	189	190	191	192	193	194	195	196	197	198	199	-1	201	202	203	204	205	206	207	208	209	210	211	212	213	214	215	216	217	218	219	220	221	222	223	224	225	226	227	228	229	230	231	232	233	234	235	236	237	238	239	240	241	242	243	244	245	246	
98	99	100	101	102	103	104	105	106	107	108	-1	110	111	112	113	114	115	0	117	118	119	120	121	122	123	124	125	126	127	128	129	130	131	132	133	134	0	0	137	138	139	140	141	142	143	144	145	146	147	148	149	150	151	152	153	154	155	156	157	158	159	160	-1	-1	-1	-1	-1	-1	-1	-1	-1	-1	-1	-1	-1	-1	-1	-1	-1	-1	-1	-1	-1	-1	-1	-1	185	186	187	188	189	190	191	192	193	194	195	196	197	198	199	200	-1	202	203	204	205	206	207	208	209	210	211	212	213	214	215	216	217	218	219	220	221	222	223	224	225	226	227	228	229	230	231	232	233	234	235	236	237	238	239	240	241	242	243	244	245	246	247	
99	100	101	102	103	104	105	106	107	108	109	-1	111	112	113	114	115	116	0	118	119	120	121	122	123	124	125	126	127	128	129	130	131	132	133	134	135	0	0	138	139	140	141	142	143	144	145	146	147	148	149	150	151	152	153	154	155	156	157	158	159	160	161	162	163	164	165	166	167	168	169	170	171	172	173	174	175	176	177	178	179	180	181	182	183	184	185	186	187	188	189	190	191	192	193	194	195	196	197	198	199	200	201	-1	203	204	205	206	207	208	209	210	211	212	213	214	215	216	217	218	219	220	221	222	223	224	225	226	227	228	229	230	231	232	233	234	235	236	237	238	239	240	241	242	243	244	245	246	247	248	
100	101	102	103	104	105	106	107	108	109	110	-1	112	113	114	115	116	117	0	119	120	121	122	123	124	125	126	127	128	129	130	131	132	133	134	135	136	-1	0	139	140	141	142	143	144	145	146	147	148	149	150	151	152	153	154	155	156	157	158	159	160	161	162	163	164	165	166	167	168	169	170	171	172	173	174	175	176	177	178	179	180	181	182	183	184	185	186	187	188	189	190	191	192	193	194	195	196	197	198	199	200	201	202	-1	204	205	206	207	208	209	210	211	212	213	214	215	216	217	218	219	220	221	222	223	224	225	226	227	228	229	230	231	232	233	234	235	236	237	238	239	240	241	242	243	244	245	246	247	248	249	
101	102	103	104	105	106	107	108	109	110	111	-1	113	114	115	116	117	118	0	120	121	122	123	124	125	126	127	128	129	130	131	132	133	134	135	136	137	-1	0	140	141	142	143	144	145	146	147	148	149	150	151	152	153	154	155	156	157	158	159	160	161	162	163	164	165	166	167	168	169	170	171	172	173	174	175	176	177	178	179	180	181	182	183	184	185	186	187	188	189	190	191	192	193	194	195	196	197	198	199	200	201	202	203	-1	205	206	207	208	209	210	211	212	213	214	215	216	217	218	219	220	221	222	223	224	225	226	227	228	229	230	231	232	233	234	235	236	237	238	239	240	241	242	243	244	245	246	247	248	249	250	
102	103	104	105	106	107	108	109	110	111	112	-1	114	115	116	117	118	119	0	121	122	123	124	125	126	127	128	129	130	131	132	133	134	135	136	137	138	-1	0	141	142	143	144	145	146	147	148	149	150	151	152	153	154	155	156	157	158	159	160	161	162	163	164	165	166	167	168	169	170	171	172	173	-1	175	176	177	178	179	180	181	182	183	184	185	186	187	188	189	190	191	192	193	194	195	196	197	198	199	200	201	202	203	204	-1	206	207	208	209	210	211	212	213	214	215	216	217	218	219	220	221	222	223	224	225	226	227	228	229	230	231	232	233	234	235	236	237	238	239	240	241	242	243	244	245	246	247	248	249	250	251	
103	104	105	106	107	108	109	110	111	112	113	-1	115	116	117	118	119	120	0	122	123	124	125	126	127	128	129	130	131	132	133	134	135	136	137	138	139	-1	0	0	-1	144	145	146	147	148	149	150	151	152	153	154	155	156	157	158	159	160	161	162	163	164	165	166	167	168	169	170	171	172	173	174	-1	176	177	178	179	180	181	182	183	184	185	186	187	188	189	190	191	192	193	194	195	196	197	198	199	200	201	202	203	204	205	-1	207	208	209	210	211	212	213	214	215	216	217	218	219	220	221	222	223	224	225	226	227	228	229	230	231	232	233	234	235	236	237	238	239	240	241	242	243	244	245	246	247	248	249	250	251	252	
104	105	106	107	108	109	110	111	112	113	114	-1	116	117	118	119	120	121	0	123	124	125	126	127	128	129	130	131	132	133	134	135	136	137	138	139	140	-1	0	0	-1	145	146	147	148	149	150	151	152	153	154	155	156	157	158	159	160	161	162	163	164	165	166	167	168	169	170	171	172	173	174	175	-1	177	178	179	180	181	182	183	184	185	186	187	188	189	190	191	192	193	194	195	196	197	198	199	200	201	202	203	204	205	206	207	208	209	210	211	212	213	214	215	216	217	218	219	220	221	222	223	224	225	226	227	228	229	230	231	232	233	234	235	236	237	238	-1	-1	-1	-1	-1	-1	-1	-1	-1	-1	-1	-1	-1	-1	-1	
105	106	107	108	109	110	111	112	113	114	115	-1	117	118	119	120	121	122	0	124	125	126	127	128	129	130	131	132	133	134	135	136	137	138	139	140	141	-1	0	0	-1	146	147	148	149	150	151	152	153	154	155	156	157	158	159	160	161	162	163	164	165	166	167	168	169	170	171	172	173	174	175	176	-1	178	179	180	181	182	183	184	185	186	187	188	189	190	191	192	193	194	195	196	197	198	199	200	201	202	203	204	205	206	207	208	209	210	211	212	213	214	215	216	217	218	219	220	221	222	223	224	225	226	227	228	229	230	231	232	233	234	235	236	237	238	239	240	-1	242	243	244	245	246	247	248	249	250	251	252	253	254	
106	107	108	109	110	111	112	113	114	115	116	-1	118	119	120	121	122	123	0	125	126	127	128	129	130	131	132	133	134	135	136	137	138	139	140	141	142	-1	0	0	-1	147	148	149	150	151	152	153	154	155	156	157	158	159	160	161	162	163	164	165	166	167	168	169	170	171	172	173	174	175	176	177	-1	179	180	181	182	183	184	185	186	187	188	189	190	191	192	193	194	195	196	197	198	199	200	201	202	203	204	205	206	207	208	209	210	211	212	213	214	215	216	217	218	-1	-1	-1	-1	-1	-1	-1	-1	-1	-1	-1	-1	-1	-1	-1	-1	-1	-1	-1	-1	-1	-1	-1	-1	-1	-1	-1	-1	-1	-1	-1	-1	-1	-1	-1	-1	255	
107	108	109	110	111	112	113	114	115	116	117	-1	119	120	121	122	123	124	0	126	127	128	129	130	131	132	133	134	135	136	137	138	139	140	141	142	143	-1	0	0	-1	148	149	150	151	152	153	154	155	156	157	158	159	160	161	162	163	164	165	166	167	168	169	170	171	172	173	174	175	176	177	178	-1	180	181	182	183	184	185	186	187	188	189	190	191	192	193	194	195	196	197	198	199	200	201	202	203	204	205	206	207	208	209	210	211	212	213	214	215	216	217	218	219	220	221	222	223	224	225	226	227	228	229	230	231	232	233	234	235	236	237	238	239	240	241	242	-1	244	245	246	247	248	249	250	251	252	253	254	255	256	
108	109	110	111	112	113	114	115	116	117	118	-1	120	121	122	123	124	125	0	127	128	129	130	131	132	133	134	135	136	137	138	139	140	141	142	143	144	-1	0	0	-1	149	150	151	152	153	154	155	156	157	158	159	160	161	162	163	164	165	166	167	168	169	170	171	172	173	174	175	176	177	178	179	-1	181	182	183	184	185	186	187	188	189	190	191	192	193	194	195	196	197	198	199	200	201	202	203	204	205	206	207	208	209	210	211	212	213	214	215	216	217	218	219	220	221	222	223	224	225	226	227	228	229	230	231	232	233	234	235	236	237	238	239	240	241	242	243	-1	245	246	247	248	249	250	251	252	253	254	255	256	257	
109	110	111	112	113	114	115	116	117	118	119	-1	121	122	123	124	125	126	0	128	129	130	131	132	133	134	135	136	137	138	139	140	141	142	143	144	145	-1	0	0	-1	150	151	152	153	154	155	156	157	158	159	160	161	162	163	164	165	166	167	168	169	170	171	172	173	174	175	176	177	178	179	180	-1	182	183	184	185	186	187	188	189	190	191	192	193	194	195	196	197	198	199	200	201	202	203	204	205	206	207	208	209	210	211	212	213	214	215	216	217	218	219	220	221	222	223	224	225	226	227	228	229	230	231	232	233	234	235	236	237	238	239	240	241	242	243	244	-1	246	247	248	249	250	251	252	253	254	255	256	257	258	
110	111	112	113	114	115	116	117	118	119	120	-1	122	123	124	125	126	127	0	129	130	131	132	133	134	135	136	137	138	139	140	141	142	143	144	145	146	0	0	0	-1	151	152	153	154	155	156	157	158	159	160	161	162	163	164	165	166	167	168	169	170	171	172	173	174	175	176	177	178	179	180	181	-1	183	184	185	186	187	188	189	190	191	192	193	194	195	196	197	198	199	200	201	202	203	204	205	206	207	208	209	210	211	212	213	214	215	216	217	218	219	220	221	222	223	224	225	226	227	228	229	230	231	232	233	234	235	236	237	238	239	240	241	242	243	244	245	-1	247	248	249	250	251	252	253	254	255	256	257	258	259	
111	112	113	114	115	116	117	118	119	120	121	-1	123	124	125	126	127	128	0	130	131	132	133	134	135	136	137	138	139	140	141	142	143	144	145	146	147	0	0	0	-1	152	153	154	155	156	157	158	159	160	161	162	163	164	165	166	167	168	169	170	171	172	173	174	175	176	177	178	179	180	181	182	-1	184	185	186	187	188	189	190	191	192	193	194	195	196	197	198	199	200	201	202	203	204	205	206	207	208	209	210	211	212	213	214	215	216	217	218	219	220	221	222	223	224	225	226	227	228	229	230	231	232	233	234	235	236	237	238	239	240	241	242	243	244	245	246	-1	248	249	250	251	252	253	254	255	256	257	258	259	260	
112	113	114	115	116	117	118	119	120	121	122	-1	124	125	126	127	128	129	0	131	132	133	134	135	136	137	138	139	140	141	142	143	144	145	146	147	148	0	0	0	-1	153	154	155	156	157	158	159	160	161	162	163	164	165	-1	167	168	169	170	171	172	173	174	175	176	177	178	179	180	181	182	183	-1	185	186	187	188	189	190	191	192	193	194	195	196	197	198	199	200	201	202	203	204	205	206	207	208	209	210	211	212	213	214	215	216	217	218	219	220	221	222	223	224	225	226	227	228	229	230	231	232	233	234	235	236	237	238	239	240	241	242	243	244	245	246	247	-1	249	250	251	252	253	254	255	256	257	258	259	260	261	
113	114	115	116	117	118	119	120	121	122	123	-1	125	126	127	128	129	130	0	132	133	134	135	136	137	138	139	140	141	142	143	144	145	146	147	148	149	0	0	0	-1	154	155	156	157	158	159	160	161	162	163	164	165	166	-1	168	169	170	171	172	173	174	175	176	177	178	179	180	181	182	183	184	-1	186	187	188	189	190	191	192	193	194	195	196	197	198	199	200	201	202	203	204	205	206	207	208	209	210	211	212	213	214	215	216	217	218	219	220	221	222	223	224	225	226	227	228	229	230	231	232	233	234	235	236	237	238	239	240	241	242	243	244	245	246	247	248	-1	250	251	252	253	254	255	256	257	258	259	260	261	262	
114	115	116	117	118	119	120	121	122	123	124	-1	126	127	128	129	130	131	0	133	134	135	136	137	138	139	140	141	142	143	144	145	146	147	148	149	150	0	0	0	-1	155	156	157	158	159	160	161	162	163	164	165	166	167	-1	169	170	171	172	173	174	175	176	177	178	179	180	181	182	183	184	185	-1	187	188	189	190	191	192	193	194	195	196	197	198	199	200	201	202	203	204	205	206	207	208	209	210	211	212	213	214	215	216	217	218	219	220	221	222	223	224	225	226	227	228	229	230	231	232	233	234	235	236	237	238	239	240	241	242	243	244	245	246	247	248	249	-1	251	252	253	254	255	256	257	258	259	260	261	262	263	
115	116	117	118	119	120	121	122	123	124	125	-1	127	128	129	130	131	132	0	134	135	136	137	138	139	140	141	142	143	144	145	146	147	148	149	150	151	0	0	0	-1	156	157	158	159	160	161	162	163	164	165	166	167	168	-1	170	171	172	173	174	175	176	177	178	179	180	181	182	183	184	185	186	187	188	189	190	-1	-1	-1	-1	-1	-1	-1	-1	-1	-1	-1	-1	-1	-1	-1	-1	-1	-1	-1	-1	-1	-1	-1	-1	-1	-1	-1	-1	-1	-1	-1	-1	223	224	225	226	227	228	229	230	231	232	233	234	235	236	237	238	239	240	241	242	243	244	245	246	247	248	249	250	-1	252	253	254	255	256	257	258	259	260	261	262	-1	-1	
116	117	118	119	120	121	122	123	124	125	126	-1	128	129	130	131	132	133	0	135	136	137	138	139	140	141	142	143	144	145	146	147	148	149	150	151	152	0	0	0	-1	157	158	159	160	161	162	163	164	165	166	167	168	169	-1	171	172	173	174	175	176	177	178	179	180	181	182	183	184	185	186	187	188	189	190	191	192	193	194	195	196	197	198	199	200	201	202	203	204	205	206	207	208	209	210	211	212	213	214	215	216	217	218	219	220	221	222	223	224	225	226	227	228	229	230	231	232	233	234	235	236	237	238	239	240	241	242	243	244	245	246	247	248	249	250	251	-1	253	254	255	256	257	258	259	260	261	262	263	264	0	
117	118	119	120	121	122	123	124	125	126	127	-1	129	130	131	132	133	134	-1	-1	-1	-1	-1	-1	-1	-1	-1	-1	-1	-1	-1	-1	-1	-1	-1	-1	-1	-1	-1	-1	-1	-1	-1	-1	-1	-1	-1	-1	-1	-1	-1	-1	-1	-1	-1	-1	173	174	175	176	177	178	179	180	181	182	183	184	185	186	187	188	189	190	191	192	193	194	195	196	197	198	199	200	201	202	203	204	205	206	207	208	209	210	211	212	213	214	215	216	217	218	219	220	221	222	223	224	225	226	227	228	229	230	231	232	233	234	235	236	237	238	239	240	241	242	243	244	245	246	247	248	249	250	251	252	-1	254	255	256	257	258	259	260	261	262	263	264	265	0	
118	119	120	121	122	123	124	125	126	127	128	-1	130	131	132	133	134	135	136	137	138	139	140	141	142	143	144	145	146	147	148	149	150	151	152	153	154	155	156	157	-1	159	160	161	162	163	164	165	166	167	168	169	170	171	-1	173	174	175	176	177	178	179	180	181	182	183	184	185	186	187	188	189	190	191	192	193	194	195	196	197	198	199	200	201	202	203	204	205	206	207	208	209	210	211	212	213	214	215	216	217	218	219	220	221	222	223	224	225	226	227	228	229	230	231	232	233	234	235	236	237	238	239	240	241	242	243	244	245	246	247	248	249	250	251	252	253	-1	255	256	257	258	259	260	261	262	263	264	265	266	0	
119	120	121	122	123	124	125	126	127	128	129	-1	131	132	133	134	135	136	137	138	139	140	141	142	143	144	145	146	147	148	149	150	151	152	153	154	155	156	157	158	-1	160	161	162	163	164	165	166	167	168	169	170	171	172	-1	174	175	176	177	178	179	180	181	182	183	184	185	186	187	188	189	190	191	192	193	194	195	196	197	198	199	200	201	202	203	204	205	206	207	208	209	210	211	212	213	214	215	216	217	218	219	220	221	222	223	224	225	226	227	228	229	230	231	232	233	234	235	236	237	238	239	240	241	242	243	244	245	246	247	248	249	250	251	252	253	254	-1	256	257	258	259	260	261	262	263	264	265	266	267	0	
120	121	122	123	124	125	126	127	128	129	130	-1	132	133	134	135	136	137	138	139	140	141	142	143	144	145	146	147	148	149	150	151	152	153	154	155	156	157	158	159	-1	161	162	163	164	165	166	167	168	169	170	171	172	173	-1	175	176	177	178	179	180	181	182	183	184	185	186	187	188	189	190	191	192	193	194	195	196	197	198	199	200	201	202	203	204	205	206	207	208	209	210	211	212	213	214	215	216	217	218	219	220	221	222	223	224	225	226	227	228	229	230	231	232	233	234	235	236	237	238	239	240	241	242	243	244	245	246	247	248	249	250	251	252	253	254	255	-1	257	258	259	260	261	262	263	264	265	266	267	268	0	
121	122	123	124	125	126	127	128	129	130	131	-1	133	134	135	136	137	138	139	140	141	142	143	144	145	146	147	148	149	150	151	152	153	154	155	156	157	158	159	160	-1	162	163	164	165	166	167	168	169	170	171	172	173	174	-1	176	177	178	179	180	181	182	183	184	185	186	187	188	189	190	191	192	193	194	195	196	197	198	199	200	201	202	203	204	205	206	207	208	209	210	211	212	213	214	215	216	217	218	219	220	221	222	223	224	225	226	227	228	229	230	231	232	233	234	235	236	237	238	239	240	241	242	243	244	245	246	247	248	249	250	251	252	253	254	255	256	-1	258	259	260	261	262	263	264	265	266	267	268	269	0	
122	123	124	125	126	127	128	129	130	131	132	-1	134	135	136	137	138	139	140	141	142	143	144	145	146	147	148	149	150	151	152	153	154	155	156	157	158	159	160	161	-1	163	164	165	166	167	168	169	170	171	172	173	174	175	-1	177	178	179	180	181	182	183	184	185	186	187	188	189	190	191	192	193	194	195	196	197	198	199	200	201	202	203	204	205	206	207	208	209	210	211	212	213	214	215	216	217	218	219	220	221	222	223	224	225	226	227	228	229	230	231	232	233	234	235	236	237	238	239	240	241	242	243	244	245	246	247	248	249	250	251	252	253	254	255	256	257	-1	259	260	261	262	263	264	265	266	267	268	269	270	0	
123	124	125	126	127	128	129	130	131	132	133	-1	135	136	137	138	139	140	141	142	143	144	145	146	147	148	149	150	151	152	153	154	155	156	157	158	159	160	161	162	-1	164	165	166	167	168	169	170	171	172	173	174	175	176	-1	178	179	180	181	182	183	184	185	186	187	188	189	190	191	192	193	194	195	196	197	198	199	200	201	202	203	204	205	206	207	208	209	210	211	212	213	214	215	216	217	218	219	220	221	222	223	224	225	226	227	228	229	230	231	232	233	234	235	236	237	238	239	240	241	242	243	244	245	246	247	248	249	250	251	252	253	254	255	256	257	258	-1	260	261	262	263	264	265	266	267	268	269	270	271	0	
124	125	126	127	128	129	130	131	132	133	134	-1	136	137	138	139	140	141	142	143	144	145	146	147	148	149	150	151	152	153	154	155	156	157	158	159	160	161	162	163	-1	165	166	167	168	169	170	171	172	173	174	175	176	177	-1	179	180	181	182	183	184	185	186	187	188	189	190	191	192	193	194	195	196	197	198	199	200	201	202	203	204	205	206	207	208	209	210	211	212	213	214	215	216	217	218	219	220	221	222	223	224	225	226	227	228	229	230	231	232	233	234	235	236	237	238	239	240	241	242	243	244	245	246	247	248	249	250	251	252	253	254	255	256	257	258	259	-1	261	262	263	264	265	266	267	268	269	270	271	272	0	
125	126	127	128	129	130	131	132	133	134	135	-1	137	138	139	140	141	142	143	144	145	146	147	148	149	150	151	152	153	154	155	156	157	158	159	160	161	162	163	164	-1	166	167	168	169	170	171	172	173	174	175	176	177	178	-1	180	181	182	183	184	185	186	187	188	-1	190	191	192	193	194	195	196	197	198	199	200	201	202	203	204	205	206	207	208	209	210	211	212	213	214	215	216	217	218	219	220	221	222	223	224	225	226	227	228	229	230	231	232	233	234	235	236	237	238	239	240	241	242	243	244	245	246	247	248	249	250	251	252	253	254	255	256	257	258	259	260	-1	262	263	264	265	266	267	268	269	270	271	272	273	0	
126	127	128	129	130	131	132	133	134	135	136	-1	138	139	140	141	142	143	144	145	146	147	148	149	150	151	152	153	154	155	156	157	158	159	160	161	162	163	164	165	-1	167	168	169	170	171	172	173	174	175	176	177	178	179	-1	181	182	183	184	185	186	187	188	189	-1	191	192	193	194	195	196	197	198	199	200	201	202	203	204	205	206	207	208	209	210	211	212	213	214	215	216	217	218	219	220	221	222	223	224	225	226	227	228	229	230	231	232	233	234	235	236	237	238	239	240	241	242	243	244	245	246	247	248	249	250	251	252	253	254	255	256	257	258	259	260	261	-1	263	264	265	266	267	268	269	270	271	272	273	274	0	
127	128	129	130	131	132	133	134	135	136	137	-1	139	140	141	142	143	144	145	146	147	148	149	150	151	152	153	154	155	156	157	158	159	160	161	162	163	164	165	166	-1	168	169	170	171	172	173	174	175	176	177	178	179	180	181	182	183	184	185	186	187	188	189	190	-1	192	193	194	195	196	197	198	199	200	201	202	203	204	205	206	207	208	209	210	211	212	213	214	215	216	217	218	219	220	221	222	223	224	225	226	227	228	229	230	231	232	233	234	235	236	237	238	239	240	241	242	243	244	245	246	247	248	249	250	251	252	253	254	255	256	257	258	259	260	261	262	-1	264	265	266	267	268	269	270	271	272	273	274	275	0	
128	129	130	131	132	133	134	135	136	137	138	139	140	141	142	143	144	145	146	147	148	149	150	151	152	153	154	155	156	157	158	159	160	161	162	163	164	165	166	167	168	169	170	171	172	173	174	175	176	177	178	179	180	181	182	183	184	185	186	187	188	189	190	191	-1	193	194	195	196	197	198	199	200	201	202	203	204	205	206	207	208	209	210	211	212	213	214	215	216	217	218	219	220	221	222	223	224	225	226	227	228	229	230	231	232	233	234	235	236	237	238	239	240	241	242	243	244	245	246	247	248	249	250	251	252	253	254	255	256	257	258	259	260	261	262	263	-1	265	266	267	268	269	270	271	272	273	274	275	276	0	
129	130	131	132	133	134	135	136	-1	138	139	140	141	142	143	144	145	146	147	148	149	150	151	152	153	154	155	156	157	158	159	160	161	162	163	164	165	166	167	168	169	170	171	172	173	174	175	176	177	178	179	180	181	182	183	184	185	186	187	188	189	190	191	192	-1	194	195	196	197	198	199	200	201	202	203	204	205	206	207	208	209	210	211	212	213	214	215	216	217	218	219	220	221	222	223	224	225	226	227	228	229	230	231	232	233	234	235	236	237	238	239	240	241	242	243	244	245	246	247	248	249	250	251	252	253	254	255	256	257	258	259	260	261	262	263	264	-1	266	267	268	269	270	271	272	273	274	275	276	277	0	
130	131	132	133	134	135	136	137	-1	139	140	141	142	143	144	145	146	147	148	149	150	151	152	153	154	155	156	157	158	159	160	161	162	163	164	165	166	167	168	169	170	171	172	173	174	175	176	177	178	179	180	181	182	183	184	185	186	187	188	189	190	191	192	193	-1	195	196	197	198	199	200	201	202	203	204	205	206	207	208	209	210	211	212	213	214	215	216	217	218	219	220	221	222	223	224	225	226	227	228	229	230	231	232	233	234	235	236	237	238	239	240	241	242	243	244	245	246	247	248	249	250	251	252	253	254	255	256	257	258	259	260	-1	262	263	264	265	-1	267	268	269	270	271	272	273	274	275	276	277	278	0	
131	132	133	134	135	136	137	138	-1	140	141	142	143	144	145	146	147	148	149	150	151	152	153	154	155	156	157	158	159	160	161	162	163	164	165	166	167	168	169	170	171	172	173	174	175	176	177	178	179	180	181	182	183	184	185	186	187	188	189	190	191	192	193	194	-1	196	197	198	199	200	201	202	203	204	205	206	207	208	209	210	211	212	213	214	215	216	217	218	219	220	221	222	223	224	225	226	227	228	229	230	231	232	233	234	235	236	237	238	239	240	241	242	243	244	245	246	247	248	249	250	251	252	253	254	255	256	257	258	259	260	261	-1	263	264	265	266	-1	268	269	270	271	272	273	274	275	276	277	278	279	0	
132	133	134	135	136	137	138	139	-1	141	142	143	144	145	146	147	148	149	150	151	152	153	154	155	156	157	158	159	160	161	162	163	164	165	166	167	168	169	170	171	172	173	174	175	176	177	178	179	180	181	182	183	184	-1	186	187	188	189	190	191	192	193	194	195	-1	197	198	199	200	201	202	203	204	-1	206	207	208	209	210	211	212	213	214	215	216	217	218	219	220	221	222	223	224	225	226	227	228	229	230	231	232	233	234	235	236	237	238	239	240	241	242	243	244	245	246	247	248	249	250	251	252	253	254	255	256	257	258	259	260	261	262	-1	264	265	266	267	-1	269	270	271	272	273	274	275	276	277	278	279	280	0	
133	134	135	136	137	138	139	140	-1	142	143	144	145	146	147	148	149	150	151	152	153	154	155	156	157	158	159	160	161	162	163	164	165	166	167	168	169	170	171	172	173	174	175	176	177	178	179	180	181	182	183	184	185	-1	187	188	189	190	191	192	193	194	195	196	-1	198	199	200	201	202	203	204	205	-1	207	208	209	210	211	212	213	214	215	216	217	218	219	220	221	222	223	224	225	226	227	228	229	230	231	232	233	234	235	236	237	238	239	240	241	242	243	244	245	246	247	248	249	250	251	252	253	254	255	256	257	258	259	260	261	262	263	-1	265	266	267	268	-1	270	271	272	273	274	275	276	277	278	279	280	281	0	
134	135	136	137	138	139	140	141	-1	143	144	145	146	147	148	149	150	151	152	153	154	155	156	157	158	159	160	161	162	163	164	165	166	167	168	169	170	171	172	173	174	175	176	177	178	179	180	181	182	183	184	185	186	-1	188	189	190	191	192	193	194	195	196	197	-1	199	200	201	202	203	204	205	206	-1	208	209	210	211	212	213	214	215	216	217	218	219	220	221	222	223	224	225	226	227	228	229	230	231	232	233	234	235	236	237	238	239	240	241	242	243	244	245	246	247	248	249	250	251	252	253	254	255	256	257	258	259	260	261	262	263	264	-1	266	267	268	269	-1	271	272	273	274	275	276	277	278	279	280	281	282	0	
135	136	137	138	139	140	141	142	-1	144	145	146	147	148	149	150	151	152	153	154	155	156	157	158	159	160	161	162	163	164	165	166	167	168	169	170	171	172	173	174	175	176	177	178	179	180	181	182	183	184	185	186	187	-1	189	190	191	192	193	194	195	196	197	198	-1	200	201	202	203	204	205	206	207	-1	209	210	211	212	213	214	215	216	217	218	219	220	221	222	223	224	225	226	227	228	229	230	231	232	233	234	235	236	237	238	239	240	241	242	243	244	245	246	247	248	249	250	251	252	253	254	255	256	257	258	259	260	261	262	263	264	265	-1	267	268	269	270	-1	272	273	274	275	276	277	278	279	280	281	282	283	0	
136	137	138	139	140	141	142	143	-1	145	146	147	148	149	150	151	152	153	154	155	156	157	158	159	160	161	162	163	164	165	166	167	168	169	170	171	172	173	174	175	176	177	178	179	180	181	182	183	184	185	186	187	188	-1	190	191	192	193	194	195	196	197	198	199	-1	201	202	203	204	205	206	207	208	-1	210	211	212	213	214	215	216	217	218	219	220	221	222	223	224	225	226	227	228	229	230	231	232	233	234	235	236	237	238	239	240	241	242	243	244	245	246	247	248	249	250	251	252	253	254	255	256	257	258	259	260	261	262	263	264	265	266	-1	268	269	270	271	-1	273	274	275	276	277	278	279	280	281	282	283	284	0	
137	138	139	140	141	142	143	144	-1	146	147	148	149	150	151	152	153	154	155	156	157	158	159	160	161	162	163	164	165	166	167	168	169	170	171	172	173	174	175	176	177	178	179	180	181	182	183	184	185	186	187	188	189	-1	191	192	193	194	195	196	197	198	199	200	-1	202	203	204	205	206	207	208	209	-1	211	212	213	214	215	216	217	218	219	220	221	222	223	224	225	226	227	228	229	230	231	232	233	234	235	236	237	238	239	240	241	242	243	244	245	246	247	248	249	250	251	252	253	254	255	256	257	258	259	260	261	262	263	264	265	266	267	-1	269	270	271	272	-1	274	275	276	277	278	279	280	281	282	283	284	285	0	
138	139	140	141	142	143	144	145	-1	147	148	149	150	151	152	153	154	155	156	157	158	159	160	161	162	163	164	165	166	167	168	169	170	171	172	173	174	175	176	177	178	179	180	181	182	183	184	185	186	187	188	189	190	-1	192	193	194	195	196	197	198	199	200	201	-1	203	204	205	206	207	208	209	210	-1	212	213	214	215	216	217	218	219	220	221	222	223	224	225	226	227	228	229	230	231	232	233	234	235	236	237	238	239	240	241	242	243	244	245	246	247	248	249	250	251	252	253	254	255	256	257	258	259	260	261	262	263	264	265	266	267	268	-1	270	271	272	273	274	275	276	277	278	279	280	281	282	283	284	285	286	0	
139	140	141	142	143	144	145	146	-1	148	149	150	151	152	153	154	155	156	157	158	159	160	161	162	163	164	165	166	167	168	169	170	171	172	173	174	175	176	177	178	179	180	181	182	183	184	185	186	187	188	189	190	191	-1	193	194	195	196	197	198	199	200	201	202	-1	204	205	206	207	208	209	210	211	-1	213	214	215	216	217	218	219	220	221	222	223	224	225	226	227	228	229	230	231	232	233	234	235	236	237	238	239	240	241	242	243	244	245	246	247	248	249	250	251	252	253	254	255	256	257	258	259	260	261	262	263	264	265	266	267	268	269	270	271	272	273	274	275	276	277	278	279	280	281	282	283	284	285	286	287	0	
140	141	142	143	144	145	146	147	-1	149	150	151	152	153	154	155	156	157	158	159	160	161	162	163	164	165	166	167	168	169	170	171	172	173	174	175	176	177	178	179	180	181	182	183	184	185	186	187	188	189	190	191	192	-1	194	195	196	197	198	199	200	201	202	203	-1	205	206	207	208	209	210	211	212	-1	214	215	216	217	218	219	220	221	222	223	224	225	226	227	228	229	230	231	232	233	234	235	236	237	238	239	240	241	242	243	244	245	246	247	248	249	250	251	252	253	254	255	256	257	258	259	260	261	262	263	264	265	266	267	268	269	270	271	272	273	274	275	276	277	278	279	280	281	282	283	284	285	286	287	288	0	
141	142	143	144	145	146	147	148	-1	150	151	152	153	154	155	156	157	158	159	160	161	162	163	164	165	166	167	168	169	170	171	172	173	174	175	176	177	178	179	180	181	182	183	184	185	186	187	188	189	190	191	192	193	-1	195	196	197	198	199	200	201	202	203	204	-1	206	207	208	209	210	211	212	213	-1	215	216	217	218	219	220	221	222	223	224	225	226	227	228	229	230	231	232	233	234	235	236	237	238	239	240	241	242	243	244	245	246	247	248	249	250	251	252	253	254	255	256	257	258	259	260	261	262	263	264	265	266	267	268	269	270	271	272	273	274	275	276	277	278	279	280	281	282	283	284	285	286	287	288	289	0	
142	143	144	145	146	147	148	149	-1	151	152	153	154	155	156	157	158	159	160	161	162	163	164	165	166	167	168	169	170	171	172	173	174	175	176	177	178	179	180	181	182	183	184	185	186	187	188	189	190	191	192	193	194	-1	196	197	198	199	200	201	202	203	204	205	-1	207	208	209	210	211	212	213	214	-1	216	217	218	219	220	221	222	223	224	225	226	227	228	229	230	231	232	233	234	235	236	237	238	239	240	241	242	243	244	245	246	247	248	249	250	251	252	253	254	255	256	257	258	259	260	261	262	263	264	265	266	267	268	269	270	271	272	273	274	275	276	277	278	279	280	281	282	283	284	285	286	287	288	289	290	0	
143	144	145	146	147	148	149	150	-1	152	153	154	155	156	157	158	159	160	161	162	163	164	165	166	167	168	169	170	171	172	173	174	175	176	177	178	179	180	181	182	183	184	185	186	187	188	189	190	191	192	193	194	195	196	197	198	199	200	201	202	203	204	205	206	-1	208	209	210	211	212	213	214	215	-1	217	218	219	220	221	222	223	224	225	226	227	228	229	230	231	232	233	234	235	236	237	238	239	240	241	242	243	244	245	246	247	248	249	250	251	252	253	254	255	256	257	258	259	260	261	262	263	264	265	266	267	268	269	270	271	272	273	274	275	276	277	278	279	280	281	282	283	284	285	286	287	288	289	290	291	0	
144	145	146	147	148	149	150	151	-1	153	154	155	156	157	158	159	160	161	162	163	164	165	166	167	168	169	170	171	172	173	174	175	176	177	178	179	180	181	182	183	184	185	186	187	188	189	190	191	192	193	194	195	196	197	198	199	200	201	202	203	204	205	206	207	-1	209	210	211	212	213	214	215	216	-1	218	219	220	221	222	223	224	225	226	227	228	229	230	231	232	233	234	235	236	237	238	239	240	241	242	243	244	245	246	247	248	249	250	251	252	253	254	255	256	257	258	259	260	261	262	263	264	265	266	267	268	269	270	271	272	273	274	275	276	277	278	279	280	281	282	283	284	285	286	287	288	289	290	291	292	0	
145	146	147	148	149	150	151	152	-1	154	155	156	157	158	159	160	161	162	163	164	165	166	167	168	169	170	171	172	173	-1	175	176	177	178	179	180	181	182	183	184	185	186	187	188	189	190	191	192	193	194	195	196	197	198	199	200	201	202	203	204	205	206	207	208	-1	210	211	212	213	214	215	216	217	218	219	220	221	222	223	224	225	226	227	228	229	230	231	232	233	234	235	236	237	238	239	240	241	242	243	244	245	246	247	248	249	250	251	252	253	254	255	256	257	258	259	260	261	262	263	264	265	266	267	268	269	270	271	272	273	274	275	276	277	278	279	280	281	282	283	284	285	286	287	288	289	290	291	292	293	0	
146	147	148	149	150	151	152	153	-1	155	156	157	158	159	160	161	162	163	164	165	166	167	168	169	170	171	172	173	174	-1	176	177	178	179	180	181	182	183	184	185	186	187	188	189	190	191	192	193	194	195	196	197	198	199	200	201	202	203	204	205	206	207	208	209	-1	211	212	213	214	215	216	217	218	219	220	221	222	223	224	225	226	227	228	229	230	231	232	233	234	235	236	237	238	239	240	241	242	243	244	245	246	247	248	249	250	251	252	253	254	255	256	257	258	259	260	261	262	263	264	265	266	267	268	269	270	271	272	273	274	275	276	277	278	279	280	281	282	283	284	285	286	287	288	289	290	291	292	293	294	0	
147	148	149	150	151	152	153	154	-1	156	157	158	159	160	161	162	163	164	165	166	167	168	169	170	171	172	173	174	175	-1	177	178	179	180	181	182	183	184	185	186	187	188	189	190	191	192	193	194	195	196	197	198	199	200	201	202	203	204	205	206	207	208	209	210	-1	212	213	214	215	216	217	218	219	220	221	222	223	224	-1	226	227	228	229	230	231	232	233	234	235	236	237	238	239	240	241	242	243	244	245	246	247	248	249	250	251	252	253	254	255	256	257	258	259	260	261	262	263	264	265	266	267	268	-1	270	271	272	273	274	275	276	277	278	279	280	281	282	283	284	285	286	287	288	289	290	291	292	293	294	295	0	
148	149	150	151	152	153	154	155	-1	157	158	159	160	161	162	163	164	165	166	167	168	169	170	171	172	173	174	175	176	-1	178	179	180	181	182	183	184	185	186	187	188	189	190	191	192	193	194	195	196	197	198	199	200	201	202	203	204	205	206	207	208	209	210	211	-1	213	214	215	216	217	218	219	220	221	222	223	224	225	-1	227	228	229	230	231	232	233	234	235	236	237	238	239	240	241	242	243	244	245	246	247	248	249	250	251	252	253	254	255	256	257	258	259	260	261	262	263	264	265	266	267	268	269	-1	271	272	273	274	275	276	277	278	-1	280	281	282	283	284	285	286	287	288	289	290	291	292	293	294	295	296	0	
149	150	151	152	153	154	155	156	157	158	159	160	161	162	163	164	165	166	167	168	169	170	171	172	173	174	175	176	177	-1	179	180	181	-1	183	184	185	186	187	188	189	190	191	192	193	194	195	196	197	198	199	200	201	202	203	204	205	206	207	208	209	210	211	212	-1	214	215	216	217	218	219	220	221	222	223	224	225	226	-1	228	229	230	231	232	233	234	235	236	237	238	239	240	241	242	243	244	245	246	247	248	249	250	251	252	253	254	255	256	257	258	259	260	261	262	263	264	265	266	267	268	269	270	-1	272	273	274	275	276	277	278	279	280	281	282	283	284	285	286	287	288	289	290	291	292	293	294	295	296	297	2147483647	
